# Elapsed time   CPU (%)     Real (MB)   Virtual (MB)
       0.000        0.000       37.781     1018.992
       3.002        0.300       37.781     1018.992
       6.006        0.300       37.781     1018.992
       9.006        0.000       37.781     1018.992
      12.009        0.700       37.781     1018.992
      15.012        0.000       37.781     1018.992
      18.016        0.300       37.781     1018.992
      21.019        0.300       37.781     1018.992
      24.023        0.700       38.328     1020.023
      27.026        0.000       38.328     1020.023
      30.030        0.300       38.328     1020.023
      33.033        0.300       38.328     1020.023
      36.037        0.000       38.328     1020.023
      39.040        0.300       38.328     1020.023
      42.044        0.000       38.328     1020.023
      45.047        0.300       38.328     1020.023
      48.051        0.300       38.328     1020.023
      51.054        0.300       38.961     1020.023
      54.058        0.300       38.961     1020.023
      57.061        0.300       39.574     1020.023
      60.065        0.300       39.574     1020.023
      63.068        0.300       39.574     1020.023
      66.072        0.300       39.574     1020.023
      69.074        0.300       39.574     1020.023
      72.078        0.000       39.574     1020.023
      75.081        0.300       39.574     1020.023
      78.085        0.300       39.574     1020.023
      81.088        0.000       39.574     1020.023
      84.089        0.300       39.574     1020.023
      87.092        0.300       39.574     1020.023
      90.094        0.300       40.117     1021.055
      93.096        0.000       40.117     1021.055
      96.100        0.300       40.117     1021.055
      99.103        0.300       40.117     1021.055
     102.107        0.000       40.117     1021.055
     105.110        0.300       40.117     1021.055
     108.114        0.000       40.117     1021.055
     111.117        0.700       40.227     1021.055
     114.121        0.300       40.227     1021.055
     117.124        0.700       40.270     1021.055
     120.126        0.300       40.270     1021.055
     123.130        0.300       40.270     1021.055
     126.133        0.300       40.270     1021.055
     129.137        0.300       40.270     1021.055
     132.140        0.000       40.270     1021.055
     135.144        0.300       40.270     1021.055
     138.147        0.700       40.270     1021.055
     141.151        0.300       40.270     1021.055
     144.154        0.000       40.270     1021.055
     147.158        0.300       40.270     1021.055
     150.161        0.300       40.270     1021.055
     153.165        0.300       40.270     1021.055
     156.168        0.000       40.270     1021.055
     159.172        0.300       40.270     1021.055
     162.175        0.300       40.270     1021.055
     165.179        0.000       40.270     1021.055
     168.182        0.300       40.270     1021.055
     171.186        0.700       40.434     1021.055
     174.186        0.300       40.434     1021.055
     177.190        0.700       41.113     1021.055
     180.193        0.700       41.113     1021.055
     183.197        0.000       41.113     1021.055
     186.200        0.300       41.113     1021.055
     189.204        0.300       41.113     1021.055
     192.207        0.300       41.684     1022.090
     195.211        0.300       41.684     1022.090
     198.214        0.700       41.684     1022.090
     201.218        0.000       41.684     1022.090
     204.221        0.300       41.684     1022.090
     207.225        0.300       41.684     1022.090
     210.229        0.000       41.684     1022.090
     213.232        0.300       41.684     1022.090
     216.234        0.300       42.262     1023.121
     219.238        0.300       42.262     1023.121
     222.241        0.300       42.516     1023.121
     225.245        0.300       42.516     1023.121
     228.248        0.000       42.516     1023.121
     231.252        0.700       43.094     1023.121
     234.255        0.000       43.094     1023.121
     237.259        0.700       43.141     1024.152
     240.262        0.700       43.141     1024.152
     243.266        0.000       43.141     1024.152
     246.270        0.300       43.141     1024.152
     249.273        0.300       43.141     1024.152
     252.277        0.300       43.141     1024.152
     255.280        0.300       43.141     1024.152
     258.284        0.300       43.141     1024.152
     261.287        0.300       43.648     1024.152
     264.291        0.300       43.648     1024.152
     267.294        0.000       43.648     1024.152
     270.297        0.300       43.648     1024.152
     273.297        0.300       43.648     1024.152
     276.298        0.000       43.648     1024.152
     279.301        0.300       43.648     1024.152
     282.305        0.000       43.648     1024.152
     285.308        0.700       43.648     1024.152
     288.312        0.000       43.648     1024.152
     291.315        0.700       43.660     1024.152
     294.319        0.300       43.660     1024.152
     297.322        0.000       43.672     1024.152
     300.326        0.300       43.672     1024.152
     303.329        0.300       43.672     1024.152
     306.332        0.000       43.672     1024.152
     309.335        0.300       43.672     1024.152
     312.339        0.300       43.672     1024.152
     315.342        0.300       43.672     1024.152
     318.346        0.300       43.672     1024.152
     321.350        0.000       43.672     1024.152
     324.353        0.700       43.672     1024.152
     327.357        0.000       43.672     1024.152
     330.360        0.300       43.672     1024.152
     333.363        0.300       43.672     1024.152
     336.367        0.300       43.672     1024.152
     339.370        0.000       43.672     1024.152
     342.374        0.300       43.672     1024.152
     345.378        0.300       43.672     1024.152
     348.381        0.000       43.672     1024.152
     351.384        0.300       43.680     1024.152
     354.388        0.300       43.680     1024.152
     357.391        0.700       43.684     1024.152
     360.394        0.700       43.684     1096.156
     363.398        0.000       43.684     1096.156
     366.402        0.300       43.684     1096.156
     369.405        0.000       43.684     1096.156
     372.409        0.300       43.684     1096.156
     375.412        0.300       43.684     1096.156
     378.416        0.000       43.684     1096.156
     381.419        0.700       43.684     1096.156
     384.423        0.000       43.684     1096.156
     387.426        0.300       43.684     1096.156
     390.430        0.000       43.684     1096.156
     393.433        0.300       43.684     1096.156
     396.437        0.300       43.684     1096.156
     399.440        0.300       43.684     1096.156
     402.444        0.300       43.684     1096.156
     405.447        0.300       43.684     1096.156
     408.451        0.000       43.684     1096.156
     411.454        0.300       43.855     1096.156
     414.458        0.300       43.855     1096.156
     417.461        0.300       43.863     1096.156
     420.465        0.000       43.863     1096.156
     423.468        0.300       43.863     1096.156
     426.472        0.300       43.863     1096.156
     429.475        0.000       43.863     1096.156
     432.479        0.300       43.863     1096.156
     435.482        0.300       43.863     1096.156
     438.486        0.000       43.863     1096.156
     441.489        0.300       43.863     1096.156
     444.493        0.300       43.863     1096.156
     447.496        0.300       43.863     1096.156
     450.500        0.000       43.863     1096.156
     453.503        0.700       43.863     1096.156
     456.507        0.300       43.863     1096.156
     459.510        0.300       43.863     1096.156
     462.514        0.000       43.863     1096.156
     465.517        0.300       43.863     1096.156
     468.521        0.300       43.863     1096.156
     471.524        0.300       43.898     1096.156
     474.528        0.300       43.898     1096.156
     477.531        0.300       43.945     1096.156
     480.534        0.700       43.945     1096.156
     483.538        0.300       43.945     1096.156
     486.539        0.300       43.945     1096.156
     489.542        0.000       43.945     1096.156
     492.546        0.300       43.945     1096.156
     495.549        0.300       43.945     1096.156
     498.553        0.000       43.945     1096.156
     501.556        0.300       43.945     1096.156
     504.560        0.300       43.945     1096.156
     507.563        0.000       43.945     1096.156
     510.567        0.300       43.945     1096.156
     513.570        0.700       43.945     1096.156
     516.574        0.300       43.945     1096.156
     519.577        0.000       43.945     1096.156
     522.581        0.700       43.945     1096.156
     525.584        0.000       43.945     1096.156
     528.586        0.300       43.945     1096.156
     531.590        0.700       44.059     1096.156
     534.593        0.000       44.059     1096.156
     537.597        0.300       44.059     1096.156
     540.600        0.300       44.059     1096.156
     543.604        0.000       44.059     1096.156
     546.607        0.300       44.059     1096.156
     549.611        0.000       44.059     1096.156
     552.614        0.300       44.059     1096.156
     555.618        0.000       44.059     1096.156
     558.621        0.000       44.059     1096.156
     561.625        0.300       44.059     1096.156
     564.628        0.300       44.059     1096.156
     567.632        0.000       44.059     1096.156
     570.635        0.300       44.059     1096.156
     573.639        0.300       44.059     1096.156
     576.642        0.700       44.059     1096.156
     579.646        0.300       44.062     1096.156
     582.649        0.300       44.062     1096.156
     585.653        0.000       44.062     1096.156
     588.656        0.300       44.062     1096.156
     591.660        0.300       43.660     1096.156
     594.663        0.300       43.660     1096.156
     597.667        0.300       43.660     1096.156
     600.670        0.300       43.660     1096.156
     603.674        0.300       43.660     1096.156
     606.678        0.300       43.660     1096.156
     609.681        0.300       43.660     1096.156
     612.685        0.000       43.660     1096.156
     615.688        0.300       43.660     1096.156
     618.692        0.000       43.660     1096.156
     621.694        0.300       43.660     1096.156
     624.696        0.300       43.660     1096.156
     627.696        0.300       43.660     1096.156
     630.700        0.300       43.660     1096.156
     633.702        0.300       43.660     1096.156
     636.704        0.000       43.660     1096.156
     639.704        0.300       43.660     1096.156
     642.707        0.000       43.660     1096.156
     645.710        0.300       43.660     1096.156
     648.714        0.300       43.660     1096.156
     651.717        0.700       43.660     1096.156
     654.721        0.300       43.660     1096.156
     657.724        0.300       43.672     1096.156
     660.728        0.000       43.672     1096.156
     663.731        0.300       43.672     1096.156
     666.735        0.000       43.672     1096.156
     669.738        0.300       43.672     1096.156
     672.742        0.700       43.672     1096.156
     675.745        0.000       43.672     1096.156
     678.749        0.300       43.672     1096.156
     681.752        0.300       43.672     1096.156
     684.756        0.300       43.672     1096.156
     687.759        0.000       43.672     1096.156
     690.763        0.300       43.672     1096.156
     693.766        0.300       43.672     1096.156
     696.770        0.300       43.672     1096.156
     699.773        0.300       43.672     1096.156
     702.777        0.300       43.672     1096.156
     705.780        0.000       43.672     1096.156
     708.784        0.300       43.672     1096.156
     711.787        0.700       43.859     1096.156
     714.791        0.000       43.859     1096.156
     717.794        0.700       43.871     1096.156
     720.797        0.700       43.871     1096.156
     723.801        0.300       43.871     1096.156
     726.804        0.300       43.871     1096.156
     729.808        0.300       43.871     1096.156
     732.811        0.000       43.871     1096.156
     735.815        0.300       43.871     1096.156
     738.818        0.300       43.871     1096.156
     741.822        0.000       43.496     1096.156
     744.825        0.300       43.496     1096.156
     747.828        0.300       43.496     1096.156
     750.832        0.000       43.496     1096.156
     753.835        0.300       43.496     1096.156
     756.839        0.300       43.496     1096.156
     759.842        0.300       43.496     1096.156
     762.846        0.300       43.496     1096.156
     765.849        0.000       43.496     1096.156
     768.852        0.300       43.496     1096.156
     771.856        0.700       43.520     1096.156
     774.859        0.300       43.520     1096.156
     777.863        0.000       43.523     1096.156
     780.866        0.300       43.523     1096.156
     783.870        0.300       43.523     1096.156
     786.873        0.000       43.523     1096.156
     789.877        0.300       43.523     1096.156
     792.880        0.300       43.523     1096.156
     795.884        0.700       43.523     1096.156
     798.887        0.300       43.523     1096.156
     801.891        0.000       43.523     1096.156
     804.894        0.300       43.523     1096.156
     807.897        0.000       43.523     1096.156
     810.900        0.300       43.523     1096.156
     813.904        0.300       43.523     1096.156
     816.907        0.000       43.523     1096.156
     819.909        0.300       43.523     1096.156
     822.912        0.000       43.523     1096.156
     825.916        0.300       43.523     1096.156
     828.919        0.300       43.523     1096.156
     831.923        0.300       43.535     1096.156
     834.926        0.700       43.535     1096.156
     837.930        0.300       43.535     1096.156
     840.933        0.700       43.535     1096.156
     843.937        0.300       43.535     1096.156
     846.940        0.300       43.535     1096.156
     849.944        0.000       43.535     1096.156
     852.947        0.300       43.535     1096.156
     855.951        0.000       43.535     1096.156
     858.954        0.300       43.535     1096.156
     861.958        0.300       43.535     1096.156
     864.961        0.000       43.535     1096.156
     867.965        0.300       43.535     1096.156
     870.968        0.000       43.535     1096.156
     873.972        0.700       43.535     1096.156
     876.975        0.000       43.535     1096.156
     879.979        0.000       43.535     1096.156
     882.982        0.300       43.535     1096.156
     885.986        0.300       43.535     1096.156
     888.989        0.000       43.535     1096.156
     891.993        0.700       43.539     1096.156
     894.996        0.000       43.539     1096.156
     898.000        0.300       43.547     1096.156
     901.003        0.300       43.547     1096.156
     904.007        0.300       43.547     1096.156
     907.010        0.300       43.547     1096.156
     910.014        0.300       43.547     1096.156
     913.016        0.000       43.547     1096.156
     916.017        0.300       43.547     1096.156
     919.021        0.300       43.547     1096.156
     922.024        0.300       43.547     1096.156
     925.028        0.300       43.547     1096.156
     928.031        0.000       43.547     1096.156
     931.035        0.300       43.547     1096.156
     934.038        0.300       43.547     1096.156
     937.042        0.000       43.547     1096.156
     940.045        0.300       43.547     1096.156
     943.049        0.300       43.547     1096.156
     946.052        0.000       43.547     1096.156
     949.056        0.300       43.547     1096.156
     952.059        0.300       43.551     1096.156
     955.063        0.300       43.551     1096.156
     958.066        1.000       43.566     1168.160
     961.070        0.300       43.566     1168.160
     964.073        0.300       43.566     1168.160
     967.077        0.300       43.566     1168.160
     970.080        0.300       43.566     1168.160
     973.084        0.300       43.566     1168.160
     976.087        0.300       43.566     1168.160
     979.091        0.300       43.566     1168.160
     982.094        0.000       43.566     1168.160
     985.098        0.300       43.566     1168.160
     988.101        0.000       43.566     1168.160
     991.105        0.300       43.566     1168.160
     994.108        0.000       43.566     1168.160
     997.111        0.700       43.566     1168.160
    1000.115        0.300       43.566     1168.160
    1003.118        0.300       43.566     1168.160
    1006.122        0.300       43.566     1168.160
    1009.125        0.000       43.566     1168.160
    1012.129        0.700       43.645     1168.160
    1015.132        0.000       43.645     1168.160
    1018.136        0.700       43.645     1168.160
    1021.139        0.300       43.645     1168.160
    1024.143        0.000       43.645     1168.160
    1027.146        0.300       43.645     1168.160
    1030.150        0.300       43.645     1168.160
    1033.153        0.300       43.645     1168.160
    1036.157        0.300       43.645     1168.160
    1039.160        0.300       43.645     1168.160
    1042.163        0.000       43.504     1168.160
    1045.167        0.300       43.504     1168.160
    1048.170        0.300       43.504     1168.160
    1051.174        0.000       43.504     1168.160
    1054.177        0.700       43.504     1168.160
    1057.181        0.300       43.504     1168.160
    1060.184        0.000       43.504     1168.160
    1063.188        0.300       43.504     1168.160
    1066.191        0.000       43.504     1168.160
    1069.195        0.300       43.504     1168.160
    1072.198        0.300       43.516     1168.160
    1075.202        0.300       43.516     1168.160
    1078.205        1.000       43.516     1176.164
    1081.209        0.300       43.516     1176.164
    1084.212        0.000       43.516     1176.164
    1087.215        0.300       43.516     1176.164
    1090.219        0.300       43.516     1176.164
    1093.222        0.300       43.516     1176.164
    1096.226        0.300       43.516     1176.164
    1099.229        0.300       43.516     1176.164
    1102.233        0.300       43.516     1176.164
    1105.236        0.000       43.516     1176.164
    1108.240        0.300       43.516     1176.164
    1111.243        0.000       43.516     1176.164
    1114.247        0.700       43.516     1176.164
    1117.250        0.300       43.516     1176.164
    1120.254        0.000       43.516     1176.164
    1123.257        0.300       43.516     1176.164
    1126.261        0.000       43.516     1176.164
    1129.264        0.300       43.516     1176.164
    1132.268        0.300       43.516     1176.164
    1135.271        0.300       43.516     1176.164
    1138.275        0.300       43.531     1176.164
    1141.278        0.000       43.531     1176.164
    1144.282        0.300       43.531     1176.164
    1147.285        0.300       43.531     1176.164
    1150.289        0.000       43.531     1176.164
    1153.292        0.300       43.531     1176.164
    1156.296        0.300       43.531     1176.164
    1159.298        0.300       43.531     1176.164
    1162.301        0.300       43.531     1176.164
    1165.302        0.300       43.531     1176.164
    1168.306        0.000       43.531     1176.164
    1171.309        0.300       43.531     1176.164
    1174.313        0.300       43.531     1176.164
    1177.317        0.000       43.531     1176.164
    1180.320        0.300       43.531     1176.164
    1183.323        0.700       43.531     1176.164
    1186.327        0.000       43.531     1176.164
    1189.330        0.300       43.531     1176.164
    1192.334        0.300       43.539     1176.164
    1195.337        0.300       43.539     1176.164
    1198.341        0.700       43.547     1176.164
    1201.344        0.300       43.547     1176.164
    1204.348        0.300       43.547     1176.164
    1207.351        0.000       43.547     1176.164
    1210.355        0.300       43.547     1176.164
    1213.358        0.000       43.547     1176.164
    1216.362        0.700       43.547     1176.164
    1219.365        0.300       43.547     1176.164
    1222.369        0.000       43.547     1176.164
    1225.372        0.300       43.547     1176.164
    1228.376        0.300       43.547     1176.164
    1231.379        0.300       43.547     1176.164
    1234.383        0.700       43.547     1176.164
    1237.386        0.300       43.547     1176.164
    1240.390        0.000       43.547     1176.164
    1243.393        0.300       43.547     1176.164
    1246.396        0.000       43.547     1176.164
    1249.400        0.300       43.547     1176.164
    1252.403        0.700       43.551     1176.164
    1255.407        0.000       43.551     1176.164
    1258.410        0.300       43.551     1176.164
    1261.412        0.300       43.551     1176.164
    1264.416        0.300       43.551     1176.164
    1267.419        0.300       43.551     1176.164
    1270.423        0.300       43.551     1176.164
    1273.426        0.300       43.551     1176.164
    1276.430        0.000       43.551     1176.164
    1279.433        0.300       43.551     1176.164
    1282.437        0.000       43.551     1176.164
    1285.440        0.300       43.551     1176.164
    1288.444        0.300       43.551     1176.164
    1291.447        0.000       43.551     1176.164
    1294.451        0.300       43.551     1176.164
    1297.454        0.300       43.551     1176.164
    1300.458        0.700       43.559     1176.164
    1303.461        0.000       43.559     1176.164
    1306.465        0.300       43.559     1176.164
    1309.468        0.000       43.559     1176.164
    1312.472        0.700       43.562     1176.164
    1315.475        0.000       43.562     1176.164
    1318.479        0.700       43.605     1176.164
    1321.482        0.300       43.605     1176.164
    1324.485        0.300       43.605     1176.164
    1327.486        0.300       43.605     1176.164
    1330.490        0.000       43.605     1176.164
    1333.492        0.300       43.605     1176.164
    1336.496        0.300       43.605     1176.164
    1339.499        0.300       43.605     1176.164
    1342.503        0.300       43.605     1176.164
    1345.506        0.300       43.605     1176.164
    1348.510        0.000       43.605     1176.164
    1351.513        0.300       43.605     1176.164
    1354.517        0.300       43.605     1176.164
    1357.520        0.000       43.605     1176.164
    1360.523        0.300       43.605     1176.164
    1363.527        0.300       43.605     1176.164
    1366.530        0.300       43.605     1176.164
    1369.534        0.300       43.605     1176.164
    1372.537        0.300       43.605     1176.164
    1375.541        0.300       43.605     1176.164
    1378.544        0.300       43.621     1176.164
    1381.548        0.300       43.621     1176.164
    1384.551        0.300       43.621     1176.164
    1387.555        0.000       43.621     1176.164
    1390.558        0.300       43.621     1176.164
    1393.561        0.300       43.621     1176.164
    1396.565        0.000       43.621     1176.164
    1399.568        0.000       43.621     1176.164
    1402.572        0.300       43.621     1176.164
    1405.575        0.000       43.621     1176.164
    1408.579        0.700       43.621     1176.164
    1411.582        0.300       43.621     1176.164
    1414.585        0.000       43.621     1176.164
    1417.589        0.300       43.621     1176.164
    1420.592        0.300       43.621     1176.164
    1423.596        0.000       43.621     1176.164
    1426.599        0.300       43.621     1176.164
    1429.603        0.000       43.621     1176.164
    1432.606        0.700       43.664     1176.164
    1435.610        0.300       43.664     1176.164
    1438.613        0.700       43.676     1176.164
    1441.617        0.300       43.676     1176.164
    1444.620        0.000       43.676     1176.164
    1447.624        0.300       43.676     1176.164
    1450.627        0.300       43.676     1176.164
    1453.631        0.000       43.676     1176.164
    1456.634        0.300       43.676     1176.164
    1459.638        0.700       43.676     1176.164
    1462.641        0.300       43.676     1176.164
    1465.645        0.300       43.676     1176.164
    1468.648        0.300       43.676     1176.164
    1471.652        0.000       43.676     1176.164
    1474.655        0.300       43.676     1176.164
    1477.659        0.300       43.676     1176.164
    1480.662        0.000       43.676     1176.164
    1483.666        0.700       43.676     1176.164
    1486.669        0.000       43.676     1176.164
    1489.673        0.300       43.676     1176.164
    1492.676        0.300       43.680     1176.164
    1495.680        0.300       43.680     1176.164
    1498.683        0.300       43.680     1176.164
    1501.687        0.300       43.684     1176.164
    1504.690        0.300       43.684     1176.164
    1507.694        0.300       43.684     1176.164
    1510.697        0.300       43.684     1176.164
    1513.701        0.300       43.684     1176.164
    1516.704        0.300       43.684     1176.164
    1519.708        0.000       43.684     1176.164
    1522.711        0.300       43.684     1176.164
    1525.715        0.300       43.684     1176.164
    1528.718        0.300       43.684     1176.164
    1531.722        0.000       43.684     1176.164
    1534.725        0.300       43.684     1176.164
    1537.729        0.000       43.684     1176.164
    1540.732        0.300       43.684     1176.164
    1543.736        0.300       43.684     1176.164
    1546.739        0.300       43.684     1176.164
    1549.743        0.300       43.684     1176.164
    1552.746        0.300       43.742     1176.164
    1555.750        0.000       43.742     1176.164
    1558.753        0.700       43.742     1176.164
    1561.757        0.300       43.742     1176.164
    1564.760        0.300       43.742     1176.164
    1567.764        0.300       43.742     1176.164
    1570.767        0.300       43.742     1176.164
    1573.771        0.300       43.742     1176.164
    1576.774        0.300       43.742     1176.164
    1579.778        0.000       43.742     1176.164
    1582.781        0.300       43.742     1176.164
    1585.785        0.300       43.742     1176.164
    1588.788        0.000       43.742     1176.164
    1591.792        0.300       43.742     1176.164
    1594.795        0.300       43.742     1176.164
    1597.799        0.000       43.742     1176.164
    1600.802        0.700       43.742     1176.164
    1603.806        0.000       43.742     1176.164
    1606.809        0.300       43.742     1176.164
    1609.813        0.000       43.742     1176.164
    1612.816        0.700       43.742     1176.164
    1615.820        0.000       43.742     1176.164
    1618.823        0.700       43.746     1176.164
    1621.827        0.000       43.746     1176.164
    1624.830        0.300       43.746     1176.164
    1627.834        0.300       43.746     1176.164
    1630.834        0.300       43.746     1176.164
    1633.838        0.000       43.746     1176.164
    1636.841        0.300       43.746     1176.164
    1639.845        0.300       43.746     1176.164
    1642.848        0.300       43.660     1176.164
    1645.852        0.300       43.660     1176.164
    1648.855        0.000       43.660     1176.164
    1651.859        0.300       43.660     1176.164
    1654.862        0.300       43.660     1176.164
    1657.866        0.000       43.660     1176.164
    1660.869        0.300       43.660     1176.164
    1663.870        0.300       43.660     1176.164
    1666.874        0.300       43.660     1176.164
    1669.877        0.000       43.660     1176.164
    1672.881        0.700       43.668     1176.164
    1675.884        0.000       43.668     1176.164
    1678.888        1.000       43.668     1176.164
    1681.891        0.300       43.668     1176.164
    1684.895        0.000       43.668     1176.164
    1687.898        0.300       43.668     1176.164
    1690.902        0.300       43.668     1176.164
    1693.905        0.000       43.668     1176.164
    1696.909        0.300       43.668     1176.164
    1699.910        0.700       43.668     1176.164
    1702.912        0.000       43.668     1176.164
    1705.916        0.300       43.668     1176.164
    1708.919        0.000       43.668     1176.164
    1711.923        0.300       43.668     1176.164
    1714.925        0.000       43.668     1176.164
    1717.928        0.300       43.668     1176.164
    1720.931        0.700       43.668     1176.164
    1723.935        0.000       43.668     1176.164
    1726.938        0.300       43.668     1176.164
    1729.942        0.000       43.668     1176.164
    1732.945        0.700       43.672     1176.164
    1735.949        0.300       43.672     1176.164
    1738.952        0.300       43.676     1176.164
    1741.956        0.000       43.676     1176.164
    1744.959        0.700       43.676     1176.164
    1747.963        0.300       43.676     1176.164
    1750.966        0.000       43.676     1176.164
    1753.970        0.300       43.676     1176.164
    1756.974        0.000       43.676     1176.164
    1759.977        0.300       43.676     1176.164
    1762.980        0.300       43.676     1176.164
    1765.984        0.300       43.676     1176.164
    1768.987        0.300       43.676     1176.164
    1771.991        0.300       43.676     1176.164
    1774.994        0.000       43.676     1176.164
    1777.998        0.300       43.676     1176.164
    1781.002        0.300       43.676     1176.164
    1784.005        0.000       43.676     1176.164
    1787.008        0.700       43.676     1176.164
    1790.012        0.000       43.676     1176.164
    1793.015        0.300       43.676     1176.164
    1796.019        0.300       43.676     1176.164
    1799.022        1.000       43.676     1184.168
    1802.026        0.700       43.676     1184.168
    1805.029        0.000       43.676     1184.168
    1808.033        0.300       43.676     1184.168
    1811.036        0.300       43.676     1184.168
    1814.040        0.000       43.676     1184.168
    1817.043        0.300       43.676     1184.168
    1820.047        0.000       43.676     1184.168
    1823.050        0.300       43.676     1184.168
    1826.054        0.300       43.676     1184.168
    1829.057        0.300       43.676     1184.168
    1832.061        0.300       43.676     1184.168
    1835.064        0.300       43.676     1184.168
    1838.068        0.000       43.676     1184.168
    1841.071        0.300       43.676     1184.168
    1844.075        0.000       43.676     1184.168
    1847.078        0.000       43.676     1184.168
    1850.082        0.300       43.676     1184.168
    1853.085        0.300       43.680     1184.168
    1856.089        0.300       43.680     1184.168
    1859.092        0.300       43.707     1184.168
    1862.096        0.700       43.707     1184.168
    1865.099        0.000       43.707     1184.168
    1868.103        0.300       43.707     1184.168
    1871.106        0.300       43.707     1184.168
    1874.110        0.300       43.707     1184.168
    1877.113        0.000       43.707     1184.168
    1880.117        0.300       43.707     1184.168
    1883.120        0.000       43.707     1184.168
    1886.124        0.300       43.707     1184.168
    1889.126        0.000       43.707     1184.168
    1892.130        0.000       43.707     1184.168
    1895.133        0.300       43.707     1184.168
    1898.137        0.300       43.707     1184.168
    1901.140        0.300       43.707     1184.168
    1904.142        0.000       43.707     1184.168
    1907.146        0.300       43.707     1184.168
    1910.149        0.300       43.707     1184.168
    1913.153        0.300       43.715     1184.168
    1916.156        0.300       43.727     1184.168
    1919.159        0.700       43.727     1184.168
    1922.162        0.300       43.727     1184.168
    1925.165        0.000       43.727     1184.168
    1928.168        0.300       43.727     1184.168
    1931.172        0.300       43.727     1184.168
    1934.175        0.300       43.727     1184.168
    1937.179        0.300       43.727     1184.168
    1940.182        0.300       43.727     1184.168
    1943.186        0.000       43.727     1184.168
    1946.189        0.300       43.727     1184.168
    1949.193        0.000       43.727     1184.168
    1952.196        0.300       43.727     1184.168
    1955.200        0.000       43.727     1184.168
    1958.203        0.300       43.727     1184.168
    1961.207        0.300       43.727     1184.168
    1964.210        0.300       43.727     1184.168
    1967.214        0.300       43.727     1184.168
    1970.217        0.000       43.727     1184.168
    1973.221        0.300       43.727     1184.168
    1976.222        0.700       43.730     1184.168
    1979.226        0.000       43.730     1184.168
    1982.229        0.300       43.730     1184.168
    1985.233        0.300       43.730     1184.168
    1988.236        0.300       43.730     1184.168
    1991.240        0.300       43.730     1184.168
    1994.243        0.300       43.730     1184.168
    1997.247        0.000       43.730     1184.168
    2000.250        0.300       43.730     1184.168
    2003.254        0.300       43.730     1184.168
    2006.258        0.300       43.730     1184.168
    2009.261        0.300       43.730     1184.168
    2012.265        0.300       43.730     1184.168
    2015.268        0.000       43.730     1184.168
    2018.272        0.300       43.730     1184.168
    2021.275        0.300       43.730     1184.168
    2024.279        0.000       43.730     1184.168
    2027.282        0.300       43.730     1184.168
    2030.286        0.300       43.730     1184.168
    2033.288        0.300       43.730     1184.168
    2036.289        0.300       43.734     1184.168
    2039.293        0.700       43.734     1184.168
    2042.295        0.300       43.734     1184.168
    2045.298        0.300       43.734     1184.168
    2048.302        0.300       43.734     1184.168
    2051.302        0.300       43.734     1184.168
    2054.306        0.000       43.734     1184.168
    2057.309        0.700       43.734     1184.168
    2060.312        0.000       43.734     1184.168
    2063.316        0.300       43.734     1184.168
    2066.319        0.000       43.734     1184.168
    2069.323        0.300       43.734     1184.168
    2072.326        0.300       43.734     1184.168
    2075.330        0.000       43.734     1184.168
    2078.333        0.300       43.734     1184.168
    2081.337        0.300       43.734     1184.168
    2084.340        0.300       43.734     1184.168
    2087.344        0.300       43.734     1184.168
    2090.347        0.000       43.734     1184.168
    2093.351        0.700       43.781     1184.168
    2096.354        0.300       43.785     1184.168
    2099.358        0.000       43.785     1184.168
    2102.358        0.300       43.785     1184.168
    2105.359        0.300       43.785     1184.168
    2108.362        0.300       43.785     1184.168
    2111.366        0.300       43.785     1184.168
    2114.369        0.000       43.785     1184.168
    2117.373        0.300       43.785     1184.168
    2120.376        0.300       43.785     1184.168
    2123.380        0.300       43.785     1184.168
    2126.383        0.300       43.785     1184.168
    2129.387        0.300       43.785     1184.168
    2132.390        0.300       43.785     1184.168
    2135.394        0.000       43.785     1184.168
    2138.397        0.300       43.785     1184.168
    2141.401        0.000       43.785     1184.168
    2144.404        0.300       43.785     1184.168
    2147.407        0.300       43.785     1184.168
    2150.411        0.000       43.785     1184.168
    2153.414        0.700       43.785     1184.168
    2156.418        0.300       43.785     1184.168
    2159.421        0.700       43.785     1184.168
    2162.425        0.000       43.785     1184.168
    2165.428        0.300       43.785     1184.168
    2168.432        0.300       43.785     1184.168
    2171.435        0.300       43.785     1184.168
    2174.439        0.000       43.785     1184.168
    2177.442        0.300       43.785     1184.168
    2180.446        0.300       43.785     1184.168
    2183.449        0.300       43.785     1184.168
    2186.453        0.300       43.785     1184.168
    2189.456        0.000       43.785     1184.168
    2192.460        0.300       43.785     1184.168
    2195.463        0.300       43.785     1184.168
    2198.467        0.300       43.785     1184.168
    2201.470        0.000       43.785     1184.168
    2204.474        0.300       43.785     1184.168
    2207.477        0.300       43.785     1184.168
    2210.481        0.300       43.797     1184.168
    2213.484        0.300       43.797     1184.168
    2216.488        0.700       43.797     1184.168
    2219.491        0.000       43.797     1184.168
    2222.495        0.300       43.797     1184.168
    2225.498        0.300       43.797     1184.168
    2228.502        0.000       43.797     1184.168
    2231.505        0.300       43.797     1184.168
    2234.506        0.300       43.797     1184.168
    2237.510        0.300       43.797     1184.168
    2240.513        0.300       43.797     1184.168
    2243.517        0.000       43.797     1184.168
    2246.521        0.300       43.797     1184.168
    2249.524        0.000       43.797     1184.168
    2252.528        0.300       43.797     1184.168
    2255.531        0.700       43.797     1184.168
    2258.534        0.000       43.797     1184.168
    2261.538        0.300       43.797     1184.168
    2264.542        0.300       43.797     1184.168
    2267.545        0.000       43.797     1184.168
    2270.548        0.700       43.797     1184.168
    2273.552        0.300       43.797     1184.168
    2276.555        0.300       43.797     1184.168
    2279.559        0.700       43.797     1184.168
    2282.562        0.300       43.797     1184.168
    2285.566        0.300       43.797     1184.168
    2288.570        0.000       43.797     1184.168
    2291.573        0.300       43.797     1184.168
    2294.577        0.300       43.797     1184.168
    2297.580        0.000       43.797     1184.168
    2300.584        0.700       43.797     1184.168
    2303.587        0.000       43.797     1184.168
    2306.590        0.300       43.797     1184.168
    2309.594        0.300       43.797     1184.168
    2312.598        0.000       43.797     1184.168
    2315.601        0.700       43.797     1184.168
    2318.605        0.300       43.797     1184.168
    2321.608        0.300       43.797     1184.168
    2324.612        0.000       43.797     1184.168
    2327.615        0.300       43.797     1184.168
    2330.618        0.300       43.797     1184.168
    2333.622        0.300       43.797     1184.168
    2336.626        0.700       43.797     1184.168
    2339.629        0.000       43.797     1184.168
    2342.633        0.300       43.797     1184.168
    2345.636        0.000       43.797     1184.168
    2348.639        0.300       43.797     1184.168
    2351.643        0.300       43.797     1184.168
    2354.646        0.300       43.797     1184.168
    2357.650        0.300       43.797     1184.168
    2360.654        0.000       43.797     1184.168
    2363.657        0.300       43.797     1184.168
    2366.660        0.300       43.797     1184.168
    2369.664        0.000       43.797     1184.168
    2372.667        0.700       43.797     1184.168
    2375.671        0.000       43.797     1184.168
    2378.674        0.300       43.797     1184.168
    2381.678        0.000       43.797     1184.168
    2384.681        0.700       43.797     1184.168
    2387.685        0.300       43.797     1184.168
    2390.688        0.300       43.797     1184.168
    2393.692        0.300       43.789     1184.168
    2396.695        0.000       43.793     1184.168
    2399.699        1.000       43.793     1184.168
    2402.702        0.300       43.793     1184.168
    2405.706        0.000       43.793     1184.168
    2408.709        0.300       43.793     1184.168
    2411.713        0.300       43.793     1184.168
    2414.716        0.000       43.793     1184.168
    2417.719        0.700       43.793     1184.168
    2420.722        0.000       43.793     1184.168
    2423.726        0.300       43.793     1184.168
    2426.730        0.000       43.793     1184.168
    2429.733        0.300       43.793     1184.168
    2432.737        0.300       43.793     1184.168
    2435.740        0.000       43.793     1184.168
    2438.743        0.300       43.793     1184.168
    2441.747        0.300       43.793     1184.168
    2444.750        0.300       43.793     1184.168
    2447.754        0.000       43.793     1184.168
    2450.757        0.700       43.793     1184.168
    2453.761        0.300       43.793     1184.168
    2456.764        0.700       43.895     1184.168
    2459.768        0.000       43.895     1184.168
    2462.771        0.300       43.895     1184.168
    2465.774        0.000       43.895     1184.168
    2468.775        0.700       43.895     1184.168
    2471.778        0.000       43.895     1184.168
    2474.782        0.300       43.895     1184.168
    2477.785        0.300       43.895     1184.168
    2480.789        0.300       43.895     1184.168
    2483.792        0.300       43.895     1184.168
    2486.796        0.300       43.895     1184.168
    2489.799        0.000       43.895     1184.168
    2492.803        0.300       43.895     1184.168
    2495.806        0.000       43.895     1184.168
    2498.810        0.300       43.895     1184.168
    2501.813        0.000       43.895     1184.168
    2504.817        0.700       43.895     1184.168
    2507.820        0.000       43.895     1184.168
    2510.824        0.700       43.898     1184.168
    2513.827        0.000       43.898     1184.168
    2516.831        0.700       43.898     1184.168
    2519.834        0.700       43.898     1184.168
    2522.838        0.300       43.898     1184.168
    2525.841        0.300       43.898     1184.168
    2528.844        0.000       43.898     1184.168
    2531.848        0.300       43.898     1184.168
    2534.851        0.300       43.898     1184.168
    2537.855        0.300       43.898     1184.168
    2540.858        0.300       43.898     1184.168
    2543.862        0.000       43.781     1184.168
    2546.865        0.300       43.781     1184.168
    2549.866        0.300       43.781     1184.168
    2552.870        0.000       43.781     1184.168
    2555.873        0.700       43.781     1184.168
    2558.877        0.000       43.781     1184.168
    2561.880        0.300       43.781     1184.168
    2564.884        0.300       43.781     1184.168
    2567.888        0.000       43.781     1184.168
    2570.891        0.700       43.785     1184.168
    2573.894        0.000       43.785     1184.168
    2576.898        0.300       43.785     1184.168
    2579.902        0.300       43.785     1184.168
    2582.905        0.000       43.785     1184.168
    2585.909        0.300       43.785     1184.168
    2588.909        0.000       43.785     1184.168
    2591.913        0.300       43.785     1184.168
    2594.916        0.300       43.785     1184.168
    2597.920        0.300       43.785     1184.168
    2600.923        0.300       43.785     1184.168
    2603.927        0.300       43.785     1184.168
    2606.930        0.300       43.785     1184.168
    2609.933        0.000       43.785     1184.168
    2612.937        0.300       43.785     1184.168
    2615.940        0.000       43.785     1184.168
    2618.944        0.700       43.785     1184.168
    2621.947        0.000       43.785     1184.168
    2624.951        0.300       43.785     1184.168
    2627.954        0.000       43.785     1184.168
    2630.958        0.700       43.789     1184.168
    2633.961        0.300       43.789     1184.168
    2636.965        0.300       43.793     1184.168
    2639.968        0.300       43.793     1184.168
    2642.972        0.700       43.793     1184.168
    2645.975        0.300       43.793     1184.168
    2648.979        0.000       43.793     1184.168
    2651.982        0.300       43.793     1184.168
    2654.982        0.300       43.793     1184.168
    2657.986        0.000       43.793     1184.168
    2660.986        0.300       43.793     1184.168
    2663.990        0.300       43.793     1184.168
    2666.993        0.300       43.793     1184.168
    2669.997        0.300       43.793     1184.168
    2673.000        0.300       43.793     1184.168
    2676.004        0.300       43.793     1184.168
    2679.007        0.000       43.793     1184.168
    2682.011        0.700       43.793     1184.168
    2685.014        0.000       43.793     1184.168
    2688.018        0.300       43.793     1184.168
    2691.021        0.300       43.898     1184.168
    2694.025        0.000       43.898     1184.168
    2697.028        0.700       43.898     1184.168
    2700.032        0.300       43.898     1184.168
    2703.035        0.300       43.898     1184.168
    2706.039        0.000       43.898     1184.168
    2709.042        0.300       43.898     1184.168
    2712.046        0.000       43.898     1184.168
    2715.048        0.300       43.898     1184.168
    2718.052        0.300       43.898     1184.168
    2721.055        0.000       43.898     1184.168
    2724.059        0.300       43.898     1184.168
    2727.062        0.300       43.898     1184.168
    2730.066        0.300       43.898     1184.168
    2733.069        0.000       43.898     1184.168
    2736.073        0.300       43.898     1184.168
    2739.076        0.300       43.898     1184.168
    2742.080        0.300       43.898     1184.168
    2745.083        0.000       43.898     1184.168
    2748.087        0.300       43.898     1184.168
    2751.090        0.300       43.898     1184.168
    2754.094        0.300       43.898     1184.168
    2757.097        0.300       43.910     1184.168
    2760.100        0.700       43.910     1184.168
    2763.104        0.000       43.910     1184.168
    2766.107        0.300       43.910     1184.168
    2769.111        0.300       43.910     1184.168
    2772.114        0.300       43.910     1184.168
    2775.118        0.300       43.910     1184.168
    2778.121        0.000       43.910     1184.168
    2781.125        0.300       43.910     1184.168
    2784.126        0.700       43.910     1184.168
    2787.130        0.000       43.910     1184.168
    2790.133        0.300       43.910     1184.168
    2793.137        0.300       43.910     1184.168
    2796.140        0.300       43.910     1184.168
    2799.144        0.300       43.910     1184.168
    2802.147        0.300       43.910     1184.168
    2805.151        0.300       43.910     1184.168
    2808.154        0.000       43.910     1184.168
    2811.158        0.700       43.914     1184.168
    2814.161        0.300       43.914     1184.168
    2817.162        0.300       43.914     1184.168
    2820.166        0.300       43.914     1184.168
    2823.169        0.000       43.914     1184.168
    2826.173        0.300       43.914     1184.168
    2829.176        0.300       43.914     1184.168
    2832.180        0.000       43.914     1184.168
    2835.183        0.300       43.914     1184.168
    2838.187        0.300       43.914     1184.168
    2841.190        0.300       43.914     1184.168
    2844.194        0.300       43.820     1184.168
    2847.198        0.000       43.820     1184.168
    2850.201        0.300       43.820     1184.168
    2853.205        0.000       43.820     1184.168
    2856.208        0.300       43.820     1184.168
    2859.212        0.700       43.820     1184.168
    2862.215        0.300       43.820     1184.168
    2865.219        0.000       43.820     1184.168
    2868.222        0.000       43.820     1184.168
    2871.226        0.700       43.820     1184.168
    2874.229        0.300       43.820     1184.168
    2877.233        0.300       43.824     1184.168
    2880.236        0.700       43.824     1184.168
    2883.240        0.300       43.824     1184.168
    2886.243        0.300       43.824     1184.168
    2889.247        0.300       43.824     1184.168
    2892.250        0.300       43.824     1184.168
    2895.254        0.000       43.824     1184.168
    2898.257        0.300       43.824     1184.168
    2901.261        0.300       43.824     1184.168
    2904.264        0.000       43.824     1184.168
    2907.266        0.300       43.824     1184.168
    2910.269        0.000       43.824     1184.168
    2913.272        0.300       43.824     1184.168
    2916.276        0.000       43.824     1184.168
    2919.279        0.700       43.824     1184.168
    2922.282        0.300       43.824     1184.168
    2925.285        0.000       43.824     1184.168
    2928.287        0.300       43.824     1184.168
    2931.291        1.000       43.824     1184.168
    2934.294        0.000       43.824     1184.168
    2937.298        0.300       43.859     1184.168
    2940.300        0.300       43.859     1184.168
    2943.303        0.300       43.859     1184.168
    2946.306        0.300       43.859     1184.168
    2949.309        0.300       43.859     1184.168
    2952.313        0.300       43.859     1184.168
    2955.315        0.000       43.859     1184.168
    2958.318        0.300       43.859     1184.168
    2961.321        0.300       43.859     1184.168
    2964.325        0.300       43.859     1184.168
    2967.326        0.300       43.859     1184.168
    2970.327        0.000       43.859     1184.168
    2973.330        0.300       43.859     1184.168
    2976.334        0.000       43.859     1184.168
    2979.337        0.300       43.859     1184.168
    2982.341        0.300       43.859     1184.168
    2985.344        0.300       43.859     1184.168
    2988.347        0.000       43.859     1184.168
    2991.350        0.700       43.883     1184.168
    2994.354        0.300       43.883     1184.168
    2997.357        0.300       43.883     1184.168
    3000.360        0.700       43.883     1184.168
    3003.364        0.300       43.883     1184.168
    3006.366        0.300       43.883     1184.168
    3009.370        0.000       43.883     1184.168
    3012.373        0.300       43.883     1184.168
    3015.375        0.300       43.883     1184.168
    3018.379        0.300       43.883     1184.168
    3021.382        0.700       43.883     1184.168
    3024.386        0.000       43.883     1184.168
    3027.389        0.300       43.883     1184.168
    3030.392        0.300       43.883     1184.168
    3033.395        0.000       43.883     1184.168
    3036.398        0.700       43.883     1184.168
    3039.402        0.300       43.883     1184.168
    3042.405        0.000       43.883     1184.168
    3045.408        0.300       43.883     1184.168
    3048.411        0.300       43.883     1184.168
    3051.415        0.300       43.938     1184.168
    3054.418        0.000       43.938     1184.168
    3057.421        0.300       43.938     1184.168
    3060.424        0.300       43.938     1184.168
    3063.428        0.000       43.938     1184.168
    3066.430        0.300       43.938     1184.168
    3069.434        0.300       43.938     1184.168
    3072.437        0.300       43.938     1184.168
    3075.441        0.000       43.938     1184.168
    3078.444        0.300       43.938     1184.168
    3081.448        0.000       43.938     1184.168
    3084.451        0.300       43.938     1184.168
    3087.454        0.700       43.938     1184.168
    3090.457        0.000       43.938     1184.168
    3093.460        0.300       43.938     1184.168
    3096.461        0.700       43.938     1184.168
    3099.465        0.000       43.938     1184.168
    3102.468        0.300       43.938     1184.168
    3105.472        0.000       43.938     1184.168
    3108.475        0.300       43.938     1184.168
    3111.479        0.300       43.938     1184.168
    3114.482        0.700       43.938     1184.168
    3117.486        0.300       43.945     1184.168
    3120.489        0.700       43.945     1184.168
    3123.493        0.000       43.945     1184.168
    3126.497        0.300       43.945     1184.168
    3129.500        0.300       43.945     1184.168
    3132.503        0.000       43.945     1184.168
    3135.507        0.300       43.945     1184.168
    3138.510        0.300       43.945     1184.168
    3141.514        0.300       43.945     1184.168
    3144.517        0.300       43.945     1184.168
    3147.521        0.300       43.945     1184.168
    3150.524        0.000       43.945     1184.168
    3153.528        0.700       43.945     1184.168
    3156.531        0.300       43.945     1184.168
    3159.535        0.300       43.945     1184.168
    3162.538        0.000       43.945     1184.168
    3165.542        0.700       43.945     1184.168
    3168.546        0.000       43.945     1184.168
    3171.549        0.700       43.973     1184.168
    3174.553        0.000       43.973     1184.168
    3177.556        0.300       43.977     1184.168
    3180.560        0.300       43.977     1184.168
    3183.564        0.300       43.977     1184.168
    3186.567        0.300       43.977     1184.168
    3189.570        0.300       43.977     1184.168
    3192.574        0.000       43.977     1184.168
    3195.574        0.300       43.977     1184.168
    3198.578        0.300       43.977     1184.168
    3201.581        0.300       43.977     1184.168
    3204.585        0.000       43.977     1184.168
    3207.588        0.300       43.977     1184.168
    3210.591        0.300       43.977     1184.168
    3213.595        0.000       43.977     1184.168
    3216.598        0.300       43.977     1184.168
    3219.602        0.700       43.977     1184.168
    3222.604        0.300       43.977     1184.168
    3225.607        0.000       43.977     1184.168
    3228.611        0.300       43.977     1184.168
    3231.614        0.300       43.977     1184.168
    3234.618        0.300       43.977     1184.168
    3237.621        0.300       43.980     1184.168
    3240.625        0.700       43.980     1184.168
    3243.628        0.300       43.980     1184.168
    3246.631        0.300       43.980     1184.168
    3249.635        0.000       43.980     1184.168
    3252.638        0.300       43.980     1184.168
    3255.642        0.300       43.980     1184.168
    3258.645        0.000       43.980     1184.168
    3261.649        0.300       43.980     1184.168
    3264.650        0.000       43.980     1184.168
    3267.654        0.300       43.980     1184.168
    3270.657        0.700       43.980     1184.168
    3273.661        0.000       43.980     1184.168
    3276.664        0.300       43.980     1184.168
    3279.668        0.300       43.980     1184.168
    3282.671        0.300       43.980     1184.168
    3285.674        0.000       43.980     1184.168
    3288.678        0.300       43.980     1184.168
    3291.681        0.300       43.984     1184.168
    3294.685        0.300       43.984     1184.168
    3297.687        0.700       43.984     1184.168
    3300.691        0.000       43.984     1184.168
    3303.694        0.300       43.984     1184.168
    3306.698        0.300       43.984     1184.168
    3309.701        0.000       43.984     1184.168
    3312.705        0.300       43.984     1184.168
    3315.708        0.000       43.984     1184.168
    3318.712        0.300       43.984     1184.168
    3321.715        0.300       43.984     1184.168
    3324.719        0.300       43.984     1184.168
    3327.722        0.300       43.984     1184.168
    3330.726        0.300       43.984     1184.168
    3333.729        0.300       43.984     1184.168
    3336.733        0.300       43.984     1184.168
    3339.736        0.000       43.984     1184.168
    3342.739        0.300       43.984     1184.168
    3345.742        0.000       43.984     1184.168
    3348.745        0.300       43.984     1184.168
    3351.749        0.700       43.984     1184.168
    3354.752        0.300       43.984     1184.168
    3357.755        0.300       43.984     1184.168
    3360.759        0.700       43.984     1184.168
    3363.762        0.000       43.984     1184.168
    3366.766        0.700       43.984     1184.168
    3369.769        0.300       43.984     1184.168
    3372.773        0.000       43.984     1184.168
    3375.773        0.300       43.984     1184.168
    3378.777        0.000       43.984     1184.168
    3381.780        0.700       43.984     1184.168
    3384.784        0.300       43.984     1184.168
    3387.787        0.000       43.984     1184.168
    3390.791        0.300       43.984     1184.168
    3393.794        0.300       43.984     1184.168
    3396.798        0.300       43.984     1184.168
    3399.801        0.000       43.984     1184.168
    3402.805        0.300       43.984     1184.168
    3405.808        0.000       43.984     1184.168
    3408.812        0.700       43.984     1184.168
    3411.815        0.300       43.988     1184.168
    3414.819        0.300       43.988     1184.168
    3417.822        0.300       44.164     1184.168
    3420.826        0.000       44.164     1184.168
    3423.829        0.300       44.164     1184.168
    3426.833        0.000       44.164     1184.168
    3429.836        0.000       44.164     1184.168
    3432.839        0.300       44.164     1184.168
    3435.843        0.300       44.164     1184.168
    3438.846        0.300       44.164     1184.168
    3441.850        0.000       44.164     1184.168
    3444.853        0.700       43.844     1184.168
    3447.857        0.000       43.844     1184.168
    3450.860        0.300       43.844     1184.168
    3453.864        0.000       43.844     1184.168
    3456.867        0.300       43.844     1184.168
    3459.871        0.300       43.844     1184.168
    3462.874        0.300       43.844     1184.168
    3465.878        0.000       43.844     1184.168
    3468.881        0.300       43.844     1184.168
    3471.885        0.700       43.844     1184.168
    3474.888        0.300       43.844     1184.168
    3477.892        0.300       43.898     1184.168
    3480.894        0.700       43.898     1184.168
    3483.898        0.300       43.898     1184.168
    3486.901        0.300       43.898     1184.168
    3489.905        0.000       43.898     1184.168
    3492.908        0.300       43.898     1184.168
    3495.909        0.000       43.898     1184.168
    3498.912        0.000       43.898     1184.168
    3501.916        0.700       43.898     1184.168
    3504.920        0.000       43.898     1184.168
    3507.923        0.300       43.898     1184.168
    3510.926        0.000       43.898     1184.168
    3513.930        0.300       43.898     1184.168
    3516.933        0.300       43.898     1184.168
    3519.937        0.000       43.898     1184.168
    3522.940        0.700       43.898     1184.168
    3525.944        0.000       43.898     1184.168
    3528.946        0.300       43.898     1184.168
    3531.950        0.700       43.898     1184.168
    3534.953        0.000       43.898     1184.168
    3537.957        0.300       43.898     1184.168
    3540.960        0.300       43.898     1184.168
    3543.962        0.300       43.898     1184.168
    3546.966        0.000       43.898     1184.168
    3549.969        0.300       43.898     1184.168
    3552.973        0.300       43.898     1184.168
    3555.976        0.300       43.898     1184.168
    3558.980        0.000       43.898     1184.168
    3561.983        0.300       43.898     1184.168
    3564.987        0.300       43.898     1184.168
    3567.991        0.000       43.898     1184.168
    3570.994        0.300       43.898     1184.168
    3573.997        0.300       43.898     1184.168
    3577.001        0.300       43.898     1184.168
    3580.004        0.000       43.898     1184.168
    3583.007        0.300       43.898     1184.168
    3586.011        0.700       43.898     1184.168
    3589.014        0.000       43.898     1184.168
    3592.018        1.000       44.406     1184.168
    3595.020        0.000       44.406     1184.168
    3598.024        0.700       44.668     1184.168
    3601.027        0.700       44.668     1184.168
    3604.031        0.300       44.668     1184.168
    3607.034        0.300       44.668     1184.168
    3610.038        0.000       44.668     1184.168
    3613.041        0.300       44.668     1184.168
    3616.044        0.300       44.668     1184.168
    3619.048        0.300       44.668     1184.168
    3622.051        0.000       44.668     1184.168
    3625.055        0.300       44.668     1184.168
    3628.058        0.300       44.668     1184.168
    3631.062        0.000       44.668     1184.168
    3634.065        0.300       44.668     1184.168
    3637.068        0.000       44.668     1184.168
    3640.071        0.700       44.668     1184.168
    3643.074        0.000       44.668     1184.168
    3646.078        0.300       44.668     1184.168
    3649.081        0.000       44.668     1184.168
    3652.084        0.700       44.816     1184.168
    3655.087        0.300       44.816     1184.168
    3658.090        0.300       44.832     1184.168
    3661.094        0.000       44.832     1184.168
    3664.096        0.300       44.832     1184.168
    3667.100        0.300       44.832     1184.168
    3670.102        0.300       44.832     1184.168
    3673.106        0.000       44.832     1184.168
    3676.109        0.300       44.832     1184.168
    3679.113        0.300       44.832     1184.168
    3682.116        0.300       44.832     1184.168
    3685.119        0.000       44.832     1184.168
    3688.123        0.300       44.832     1184.168
    3691.125        0.300       44.832     1184.168
    3694.128        0.300       44.832     1184.168
    3697.132        0.000       44.832     1184.168
    3700.135        0.300       44.832     1184.168
    3703.138        0.000       44.832     1184.168
    3706.141        0.300       44.832     1184.168
    3709.144        0.300       44.832     1184.168
    3712.148        0.700       44.836     1184.168
    3715.151        0.300       44.836     1184.168
    3718.154        0.300       44.852     1184.168
    3721.157        0.700       44.852     1184.168
    3724.160        0.300       44.852     1184.168
    3727.164        0.300       44.852     1184.168
    3730.166        0.000       44.852     1184.168
    3733.170        0.300       44.852     1184.168
    3736.172        0.300       44.852     1184.168
    3739.176        0.300       44.852     1184.168
    3742.179        0.000       44.852     1184.168
    3745.182        0.300       44.852     1184.168
    3748.185        0.000       44.852     1184.168
    3751.188        0.300       44.852     1184.168
    3754.192        0.300       44.852     1184.168
    3757.195        0.300       44.852     1184.168
    3760.199        0.300       44.852     1184.168
    3763.201        0.000       44.852     1184.168
    3766.205        0.300       44.852     1184.168
    3769.208        0.000       44.852     1184.168
    3772.212        0.700       45.008     1184.168
    3775.216        0.300       45.008     1184.168
    3778.219        0.700       45.012     1184.168
    3781.222        0.700       45.012     1184.168
    3784.226        0.000       45.012     1184.168
    3787.229        0.300       45.012     1184.168
    3790.233        0.300       45.012     1184.168
    3793.236        0.000       45.012     1184.168
    3796.240        0.700       45.012     1184.168
    3799.243        0.000       45.012     1184.168
    3802.247        0.300       45.012     1184.168
    3805.247        0.300       45.012     1184.168
    3808.248        0.300       45.012     1184.168
    3811.252        0.000       45.012     1184.168
    3814.255        0.300       45.012     1184.168
    3817.259        0.300       45.012     1184.168
    3820.262        0.000       45.012     1184.168
    3823.265        0.700       45.012     1184.168
    3826.268        0.300       45.012     1184.168
    3829.272        0.000       45.012     1184.168
    3832.275        0.700       45.016     1184.168
    3835.279        0.300       45.016     1184.168
    3838.281        0.300       45.016     1184.168
    3841.284        0.700       45.016     1192.172
    3844.288        0.300       45.016     1192.172
    3847.292        0.000       45.016     1192.172
    3850.295        0.300       45.016     1192.172
    3853.298        0.300       45.016     1192.172
    3856.302        0.000       45.016     1192.172
    3859.305        0.300       45.016     1192.172
    3862.309        0.000       45.016     1192.172
    3865.312        0.300       45.016     1192.172
    3868.315        0.300       45.016     1192.172
    3871.318        0.300       45.016     1192.172
    3874.322        0.300       45.016     1192.172
    3877.325        0.300       45.016     1192.172
    3880.328        0.000       45.016     1192.172
    3883.331        0.300       45.016     1192.172
    3886.335        0.000       45.016     1192.172
    3889.338        0.300       45.016     1192.172
    3892.340        0.300       45.059     1192.172
    3895.343        0.300       45.059     1192.172
    3898.347        0.700       45.059     1192.172
    3901.350        0.000       45.059     1192.172
    3904.354        0.000       45.059     1192.172
    3907.357        0.300       45.059     1192.172
    3910.361        0.000       45.059     1192.172
    3913.364        0.300       45.059     1192.172
    3916.367        0.000       45.059     1192.172
    3919.370        0.700       45.059     1192.172
    3922.373        0.000       45.059     1192.172
    3925.377        0.300       45.059     1192.172
    3928.379        0.000       45.059     1192.172
    3931.382        0.300       45.059     1192.172
    3934.386        0.300       45.059     1192.172
    3937.388        0.700       45.059     1192.172
    3940.392        0.000       45.059     1192.172
    3943.395        0.300       45.059     1192.172
    3946.398        0.300       45.059     1192.172
    3949.401        0.300       45.059     1192.172
    3952.404        0.300       45.059     1192.172
    3955.408        0.000       45.059     1192.172
    3958.411        0.700       45.059     1192.172
    3961.414        0.700       45.059     1192.172
    3964.418        0.700       45.059     1192.172
    3967.420        0.000       45.059     1192.172
    3970.422        0.300       45.059     1192.172
    3973.426        0.300       45.059     1192.172
    3976.429        0.000       45.059     1192.172
    3979.430        0.300       45.059     1192.172
    3982.430        0.300       45.059     1192.172
    3985.432        0.000       45.059     1192.172
    3988.436        0.300       45.059     1192.172
    3991.439        0.300       45.059     1192.172
    3994.443        0.300       45.059     1192.172
    3997.446        0.000       45.059     1192.172
    4000.449        0.300       45.059     1192.172
    4003.453        0.000       45.059     1192.172
    4006.456        0.300       45.059     1192.172
    4009.460        0.300       45.059     1192.172
    4012.463        0.700       45.059     1192.172
    4015.467        0.300       45.059     1192.172
    4018.470        0.300       45.059     1192.172
    4021.474        0.300       45.059     1192.172
    4024.478        0.300       45.059     1192.172
    4027.480        0.000       45.059     1192.172
    4030.484        0.300       45.059     1192.172
    4033.487        0.300       45.059     1192.172
    4036.490        0.300       45.059     1192.172
    4039.494        0.000       45.059     1192.172
    4042.497        0.000       45.059     1192.172
    4045.500        0.700       45.059     1192.172
    4048.504        0.000       45.059     1192.172
    4051.507        0.300       45.059     1192.172
    4054.510        0.000       45.059     1192.172
    4057.513        0.300       45.059     1192.172
    4060.516        0.300       45.059     1192.172
    4063.520        0.000       45.059     1192.172
    4066.523        0.700       45.059     1192.172
    4069.527        0.000       45.059     1192.172
    4072.530        0.300       45.070     1192.172
    4075.534        0.300       45.070     1192.172
    4078.537        0.300       45.070     1192.172
    4081.538        1.000       45.070     1192.172
    4084.542        0.300       45.070     1192.172
    4087.545        0.300       45.070     1192.172
    4090.549        0.300       45.070     1192.172
    4093.552        0.000       45.070     1192.172
    4096.556        0.300       45.070     1192.172
    4099.559        0.300       45.070     1192.172
    4102.563        0.300       45.070     1192.172
    4105.566        0.000       45.070     1192.172
    4108.570        0.300       45.070     1192.172
    4111.574        0.300       45.070     1192.172
    4114.574        0.300       45.070     1192.172
    4117.578        0.300       45.070     1192.172
    4120.582        0.000       45.070     1192.172
    4123.585        0.300       45.070     1192.172
    4126.589        0.000       45.070     1192.172
    4129.592        0.300       45.070     1192.172
    4132.596        0.300       45.074     1192.172
    4135.599        0.300       45.074     1192.172
    4138.602        0.300       45.082     1192.172
    4141.606        0.000       45.082     1192.172
    4144.610        0.700       45.082     1192.172
    4147.613        0.000       45.082     1192.172
    4150.617        0.300       45.082     1192.172
    4153.620        0.300       45.082     1192.172
    4156.624        0.300       45.082     1192.172
    4159.626        0.300       45.082     1192.172
    4162.630        0.000       45.082     1192.172
    4165.634        0.300       45.082     1192.172
    4168.637        0.000       45.082     1192.172
    4171.641        0.300       45.082     1192.172
    4174.644        0.300       45.082     1192.172
    4177.647        0.700       45.082     1192.172
    4180.650        0.000       45.082     1192.172
    4183.654        0.300       45.082     1192.172
    4186.658        0.000       45.082     1192.172
    4189.661        0.300       45.082     1192.172
    4192.664        0.300       45.086     1192.172
    4195.668        0.300       42.359     1192.172
    4198.671        0.700       42.359     1192.172
