# Elapsed time   CPU (%)     Real (MB)   Virtual (MB)
       0.000        0.000       25.094      551.262
       3.004        0.000       25.094      551.262
       6.007        0.000       25.094      551.262
       9.010        0.000       25.094      551.262
      12.014        0.000       25.094      551.262
      15.017        0.000       25.094      551.262
      18.020        0.000       25.094      551.262
      21.024        0.000       25.094      551.262
      24.027        0.000       25.094      551.262
      27.031        0.000       25.094      551.262
      30.034        0.000       25.094      551.262
      33.038        0.000       25.094      551.262
      36.041        0.000       25.094      551.262
      39.044        0.000       25.094      551.262
      42.048        0.000       25.094      551.262
      45.051        0.000       25.094      551.262
      48.055        0.000       25.094      551.262
      51.058        0.000       25.094      551.262
      54.062        0.000       25.094      551.262
      57.065        0.000       25.094      551.262
      60.069        0.000       25.094      551.262
      63.072        0.000       25.094      551.262
      66.076        0.000       25.094      551.262
      69.079        0.000       25.094      551.262
      72.082        0.000       25.094      551.262
      75.086        0.000       25.094      551.262
      78.089        0.000       25.094      551.262
      81.093        0.000       25.094      551.262
      84.095        0.000       25.094      551.262
      87.096        0.000       25.094      551.262
      90.097        0.000       25.094      551.262
      93.101        0.000       25.094      551.262
      96.104        0.000       25.094      551.262
      99.108        0.000       25.094      551.262
     102.111        0.000       25.094      551.262
     105.115        0.000       25.094      551.262
     108.118        0.000       25.094      551.262
     111.122        0.000       25.094      551.262
     114.125        0.000       25.094      551.262
     117.127        0.000       25.094      551.324
     120.131        0.000       25.094      551.324
     123.134        0.000       25.094      551.324
     126.138        0.000       25.094      551.324
     129.141        0.000       25.094      551.324
     132.145        0.000       25.094      551.324
     135.148        0.000       25.094      551.324
     138.151        0.000       25.094      551.324
     141.155        0.000       25.094      551.324
     144.158        0.000       25.094      551.324
     147.162        0.000       25.094      551.324
     150.165        0.000       25.094      551.324
     153.169        0.000       25.094      551.324
     156.172        0.000       25.094      551.324
     159.176        0.000       25.094      551.324
     162.179        0.000       25.094      551.324
     165.183        0.000       25.094      551.324
     168.186        0.000       25.094      551.324
     171.190        0.000       25.094      551.324
     174.193        0.000       25.094      551.324
     177.197        0.000       25.094      551.324
     180.200        0.000       25.094      551.324
     183.204        0.000       25.094      551.324
     186.207        0.000       25.094      551.324
     189.211        0.000       25.094      551.324
     192.214        0.000       25.094      551.324
     195.217        0.000       25.094      551.324
     198.221        0.000       25.094      551.324
     201.224        0.000       25.094      551.324
     204.228        0.000       25.094      551.324
     207.231        0.000       25.094      551.324
     210.235        0.000       25.094      551.324
     213.238        0.000       25.094      551.324
     216.242        0.000       25.094      551.324
     219.245        0.000       25.094      551.324
     222.248        0.000       25.094      551.324
     225.252        0.000       25.094      551.324
     228.255        0.000       25.094      551.324
     231.259        0.000       25.094      551.324
     234.262        0.000       25.094      551.324
     237.265        0.000       25.094      551.324
     240.269        0.000       25.094      551.324
     243.272        0.300       25.094      551.324
     246.276        0.000       25.094      551.324
     249.279        0.000       25.094      551.324
     252.283        0.000       25.094      551.324
     255.286        0.000       25.094      551.324
     258.289        0.000       25.094      551.324
     261.293        0.000       25.094      551.324
     264.295        0.000       25.094      551.324
     267.296        0.000       25.094      551.324
     270.299        0.000       25.094      551.324
     273.303        0.000       25.094      551.324
     276.303        0.000       25.094      551.324
     279.305        0.000       25.094      551.324
     282.309        0.000       25.094      551.324
     285.312        0.000       25.094      551.324
     288.316        0.000       25.094      551.324
     291.319        0.000       25.094      551.324
     294.323        0.000       25.094      551.324
     297.326        0.000       25.094      551.324
     300.330        0.000       25.094      551.324
     303.333        0.000       25.094      551.324
     306.337        0.000       25.094      551.324
     309.340        0.000       25.094      551.324
     312.343        0.000       25.094      551.324
     315.347        0.000       25.094      551.324
     318.350        0.000       25.094      551.324
     321.354        0.000       25.094      551.324
     324.357        0.000       25.094      551.324
     327.361        0.000       25.094      551.324
     330.364        0.000       25.094      551.324
     333.368        0.000       25.094      551.324
     336.371        0.000       25.094      551.324
     339.375        0.000       25.094      551.324
     342.378        0.000       25.094      551.324
     345.382        0.000       25.094      551.324
     348.385        0.000       25.094      551.324
     351.389        0.000       25.094      551.324
     354.392        0.000       25.094      551.324
     357.395        0.000       25.094      551.324
     360.399        0.000       25.094      551.324
     363.402        0.000       25.094      551.324
     366.406        0.000       25.094      551.324
     369.409        0.000       25.094      551.324
     372.413        0.000       25.094      551.324
     375.416        0.000       25.094      551.324
     378.420        0.000       25.094      551.324
     381.423        0.000       25.094      551.324
     384.427        0.000       25.094      551.324
     387.430        0.000       25.094      551.324
     390.434        0.000       25.094      551.324
     393.438        0.000       25.094      551.324
     396.441        0.000       25.094      551.324
     399.445        0.000       25.094      551.324
     402.448        0.000       25.094      551.324
     405.451        0.000       25.094      551.324
     408.455        0.000       25.094      551.324
     411.459        0.000       25.094      551.324
     414.462        0.000       25.094      551.324
     417.466        0.000       25.094      551.324
     420.469        0.000       25.094      551.324
     423.473        0.000       25.094      551.324
     426.476        0.000       25.094      551.324
     429.480        0.000       25.094      551.324
     432.483        0.000       25.094      551.324
     435.486        0.000       25.094      551.324
     438.490        0.000       25.094      551.324
     441.493        0.300       24.457      551.324
     444.497        0.000       24.457      551.324
     447.500        0.000       24.457      551.324
     450.504        0.000       24.457      551.324
     453.507        0.000       24.457      551.324
     456.511        0.000       24.457      551.324
     459.514        0.000       24.457      551.324
     462.518        0.000       24.457      551.324
     465.521        0.000       24.457      551.324
     468.525        0.000       24.457      551.324
     471.528        0.000       24.457      551.324
     474.532        0.000       24.457      551.324
     477.535        0.000       24.457      551.324
     480.539        0.000       24.457      551.324
     483.542        0.000       24.457      551.324
     486.546        0.000       24.457      551.324
     489.546        0.000       24.457      551.324
     492.550        0.000       24.457      551.324
     495.553        0.000       24.457      551.324
     498.557        0.000       24.457      551.324
     501.561        0.000       24.457      551.324
     504.564        0.000       24.457      551.324
     507.568        0.000       24.457      551.324
     510.571        0.000       24.457      551.324
     513.574        0.000       24.457      551.324
     516.578        0.000       24.457      551.324
     519.581        0.000       24.457      551.324
     522.585        0.000       24.457      551.324
     525.588        0.000       24.457      551.324
     528.592        0.000       24.457      551.324
     531.595        0.000       24.457      551.324
     534.598        0.000       24.457      551.324
     537.602        0.000       24.457      551.324
     540.605        0.000       24.457      551.324
     543.609        0.000       24.457      551.324
     546.612        0.000       24.457      551.324
     549.615        0.000       24.457      551.324
     552.619        0.000       24.457      551.324
     555.622        0.000       24.457      551.324
     558.626        0.000       24.457      551.324
     561.629        0.000       24.457      551.324
     564.633        0.000       24.457      551.324
     567.636        0.000       24.457      551.324
     570.640        0.000       24.457      551.324
     573.643        0.000       24.457      551.324
     576.647        0.000       24.457      551.324
     579.650        0.000       24.457      551.324
     582.654        0.000       24.457      551.324
     585.658        0.000       24.457      551.324
     588.661        0.000       24.457      551.324
     591.665        0.000       24.457      551.324
     594.668        0.000       24.457      551.324
     597.672        0.000       24.254      551.324
     600.675        0.000       24.254      551.324
     603.679        0.000       24.254      551.324
     606.682        0.000       24.254      551.324
     609.686        0.000       24.254      551.324
     612.689        0.000       24.254      551.324
     615.693        0.300       24.254      551.324
     618.696        0.000       24.254      551.324
     621.696        0.000       24.254      551.324
     624.700        0.000       24.254      551.324
     627.703        0.000       24.254      551.324
     630.704        0.000       24.254      551.324
     633.704        0.000       24.254      551.324
     636.708        0.000       24.254      551.324
     639.711        0.000       24.254      551.324
     642.711        0.000       24.254      551.324
     645.715        0.000       24.254      551.324
     648.718        0.000       24.254      551.324
     651.722        0.000       24.254      551.324
     654.725        0.000       24.254      551.324
     657.729        0.000       24.254      551.324
     660.732        0.000       24.254      551.324
     663.736        0.000       24.254      551.324
     666.739        0.000       24.254      551.324
     669.743        0.000       24.254      551.324
     672.746        0.000       24.254      551.324
     675.750        0.000       24.254      551.324
     678.753        0.000       24.254      551.324
     681.757        0.000       24.254      551.324
     684.760        0.000       24.254      551.324
     687.764        0.000       24.254      551.324
     690.767        0.000       24.254      551.324
     693.771        0.000       24.254      551.324
     696.774        0.000       24.254      551.324
     699.778        0.000       24.254      551.324
     702.781        0.000       24.254      551.324
     705.785        0.000       24.254      551.324
     708.788        0.000       24.254      551.324
     711.791        0.000       24.254      551.324
     714.794        0.000       24.254      551.324
     717.798        0.000       24.254      551.324
     720.801        0.000       24.254      551.324
     723.805        0.000       24.254      551.324
     726.808        0.000       24.254      551.324
     729.812        0.000       24.254      551.324
     732.815        0.000       24.254      551.324
     735.819        0.000       24.254      551.324
     738.822        0.000       24.254      551.324
     741.826        0.000       24.254      551.324
     744.829        0.000       24.254      551.324
     747.833        0.000       24.254      551.324
     750.836        0.000       24.223      551.324
     753.839        0.000       24.223      551.324
     756.842        0.000       24.223      551.324
     759.846        0.000       24.223      551.324
     762.849        0.000       24.223      551.324
     765.853        0.000       24.223      551.324
     768.856        0.000       24.223      551.324
     771.860        0.000       24.223      551.324
     774.863        0.000       24.223      551.324
     777.867        0.000       24.223      551.324
     780.870        0.000       24.223      551.324
     783.874        0.000       24.223      551.324
     786.877        0.000       24.223      551.324
     789.881        0.000       24.223      551.324
     792.884        0.000       24.223      551.324
     795.888        0.000       24.223      551.324
     798.891        0.000       24.223      551.324
     801.895        0.000       24.223      551.324
     804.898        0.000       24.223      551.324
     807.901        0.000       24.223      551.324
     810.904        0.000       24.223      551.324
     813.908        0.000       24.223      551.324
     816.911        0.000       24.223      551.324
     819.914        0.000       24.223      551.324
     822.918        0.000       24.223      551.324
     825.921        0.000       24.223      551.324
     828.925        0.000       24.223      551.324
     831.928        0.000       24.223      551.324
     834.932        0.000       24.223      551.324
     837.935        0.000       24.223      551.324
     840.938        0.000       24.223      551.324
     843.942        0.000       24.223      551.324
     846.945        0.000       24.223      551.324
     849.949        0.000       24.223      551.324
     852.952        0.000       24.223      551.324
     855.956        0.000       24.223      551.324
     858.959        0.000       24.223      551.324
     861.962        0.000       24.223      551.324
     864.966        0.000       24.223      551.324
     867.969        0.300       24.223      551.324
     870.973        0.000       24.223      551.324
     873.976        0.000       24.223      551.324
     876.980        0.000       24.223      551.324
     879.983        0.000       24.223      551.324
     882.986        0.000       24.223      551.324
     885.990        0.000       24.223      551.324
     888.993        0.000       24.223      551.324
     891.998        0.000       24.223      551.324
     895.001        0.000       24.223      551.324
     898.005        0.000       24.223      551.324
     901.008        0.000       24.223      551.324
     904.011        0.000       24.223      551.324
     907.015        0.000       24.223      551.324
     910.018        0.000       24.223      551.324
     913.022        0.000       24.223      551.324
     916.025        0.000       24.223      551.324
     919.028        0.000       24.223      551.324
     922.032        0.000       24.223      551.324
     925.035        0.000       24.223      551.324
     928.039        0.000       24.223      551.324
     931.042        0.000       24.223      551.324
     934.046        0.000       24.223      551.324
     937.049        0.000       24.223      551.324
     940.052        0.000       24.223      551.324
     943.056        0.000       24.223      551.324
     946.059        0.000       24.223      551.324
     949.063        0.000       24.223      551.324
     952.066        0.000       24.223      551.324
     955.070        0.000       24.223      551.324
     958.071        0.000       24.223      551.324
     961.074        0.000       24.223      551.324
     964.077        0.000       24.223      551.324
     967.081        0.000       24.223      551.324
     970.084        0.000       24.223      551.324
     973.088        0.000       24.223      551.324
     976.091        0.000       24.223      551.324
     979.095        0.000       24.223      551.324
     982.098        0.000       24.223      551.324
     985.102        0.000       24.223      551.324
     988.105        0.000       24.223      551.324
     991.109        0.000       24.223      551.324
     994.112        0.000       24.223      551.324
     997.116        0.000       24.223      551.324
    1000.119        0.000       24.223      551.324
    1003.123        0.000       24.223      551.324
    1006.126        0.000       24.223      551.324
    1009.130        0.000       24.223      551.324
    1012.133        0.000       24.223      551.324
    1015.137        0.000       24.223      551.324
    1018.140        0.000       24.223      551.324
    1021.144        0.000       24.223      551.324
    1024.147        0.000       24.223      551.324
    1027.150        0.000       24.223      551.324
    1030.154        0.000       24.223      551.324
    1033.157        0.000       24.223      551.324
    1036.161        0.000       24.223      551.324
    1039.164        0.000       24.223      551.324
    1042.168        0.000       24.223      551.324
    1045.171        0.000       24.223      551.324
    1048.175        0.000       24.223      551.324
    1051.178        0.000       24.223      551.324
    1054.182        0.000       24.223      551.324
    1057.185        0.000       24.223      551.324
    1060.189        0.000       24.223      551.324
    1063.192        0.000       24.223      551.324
    1066.196        0.000       24.223      551.324
    1069.199        0.000       24.223      551.324
    1072.202        0.000       24.223      551.324
    1075.206        0.000       24.223      551.324
    1078.209        0.000       24.223      551.324
    1081.213        0.000       24.223      551.324
    1084.216        0.000       24.223      551.324
    1087.220        0.000       24.223      551.324
    1090.223        0.000       24.223      551.324
    1093.227        0.000       24.223      551.324
    1096.230        0.000       24.223      551.324
    1099.234        0.000       24.223      551.324
    1102.237        0.000       24.223      551.324
    1105.241        0.000       24.223      551.324
    1108.244        0.000       24.223      551.324
    1111.247        0.000       24.223      551.324
    1114.251        0.000       24.223      551.324
    1117.254        0.300       24.223      551.324
    1120.258        0.000       24.223      551.324
    1123.262        0.000       24.223      551.324
    1126.265        0.000       24.223      551.324
    1129.269        0.000       24.223      551.324
    1132.272        0.000       24.223      551.324
    1135.276        0.000       24.223      551.324
    1138.279        0.000       24.223      551.324
    1141.283        0.000       24.223      551.324
    1144.286        0.000       24.223      551.324
    1147.290        0.000       24.223      551.324
    1150.293        0.000       24.223      551.324
    1153.297        0.000       24.223      551.324
    1156.300        0.000       24.223      551.324
    1159.304        0.000       24.223      551.324
    1162.305        0.000       24.223      551.324
    1165.308        0.000       24.223      551.324
    1168.310        0.000       24.223      551.324
    1171.314        0.000       24.223      551.324
    1174.317        0.000       24.223      551.324
    1177.321        0.000       24.223      551.324
    1180.324        0.000       24.223      551.324
    1183.327        0.000       24.223      551.324
    1186.331        0.000       24.223      551.324
    1189.334        0.000       24.223      551.324
    1192.338        0.000       24.223      551.324
    1195.342        0.000       24.223      551.324
    1198.345        0.000       24.223      551.324
    1201.349        0.000       24.223      551.324
    1204.352        0.000       24.223      551.324
    1207.355        0.000       24.223      551.324
    1210.359        0.000       24.223      551.324
    1213.362        0.000       24.223      551.324
    1216.366        0.000       24.223      551.324
    1219.369        0.000       24.223      551.324
    1222.373        0.000       24.223      551.324
    1225.376        0.000       24.223      551.324
    1228.380        0.000       24.223      551.324
    1231.383        0.000       24.223      551.324
    1234.387        0.000       24.223      551.324
    1237.390        0.000       24.223      551.324
    1240.394        0.000       24.223      551.324
    1243.397        0.000       24.223      551.324
    1246.401        0.000       24.223      551.324
    1249.404        0.000       24.223      551.324
    1252.408        0.000       24.223      551.324
    1255.411        0.000       24.223      551.324
    1258.415        0.000       24.223      551.324
    1261.418        0.000       24.223      551.324
    1264.420        0.000       24.223      551.324
    1267.424        0.000       24.223      551.324
    1270.427        0.000       24.223      551.324
    1273.431        0.000       24.223      551.324
    1276.434        0.000       24.223      551.324
    1279.438        0.000       24.223      551.324
    1282.441        0.000       24.223      551.324
    1285.445        0.000       24.223      551.324
    1288.448        0.000       24.223      551.324
    1291.452        0.300       24.223      551.324
    1294.455        0.000       24.223      551.324
    1297.459        0.000       24.223      551.324
    1300.462        0.000       24.223      551.324
    1303.466        0.000       24.223      551.324
    1306.469        0.000       24.223      551.324
    1309.472        0.000       24.223      551.324
    1312.476        0.000       24.223      551.324
    1315.479        0.000       24.223      551.324
    1318.483        0.000       24.223      551.324
    1321.486        0.000       24.223      551.324
    1324.490        0.000       24.223      551.324
    1327.493        0.000       24.223      551.324
    1330.495        0.000       24.223      551.324
    1333.498        0.000       24.223      551.324
    1336.500        0.000       24.223      551.324
    1339.503        0.000       24.223      551.324
    1342.506        0.000       24.223      551.324
    1345.510        0.000       24.223      551.324
    1348.513        0.000       24.223      551.324
    1351.517        0.000       24.223      551.324
    1354.520        0.000       24.223      551.324
    1357.524        0.000       24.223      551.324
    1360.527        0.000       24.223      551.324
    1363.531        0.000       24.223      551.324
    1366.534        0.000       24.223      551.324
    1369.538        0.000       24.223      551.324
    1372.541        0.000       24.223      551.324
    1375.545        0.000       24.223      551.324
    1378.549        0.000       24.223      551.324
    1381.551        0.000       24.223      551.324
    1384.554        0.000       24.223      551.324
    1387.558        0.000       24.223      551.324
    1390.561        0.000       24.223      551.324
    1393.565        0.000       24.223      551.324
    1396.568        0.000       24.223      551.324
    1399.572        0.000       24.223      551.324
    1402.575        0.000       24.223      551.324
    1405.579        0.000       24.223      551.324
    1408.583        0.000       24.223      551.324
    1411.586        0.000       24.223      551.324
    1414.590        0.000       24.223      551.324
    1417.593        0.000       24.223      551.324
    1420.597        0.000       24.223      551.324
    1423.600        0.000       24.223      551.324
    1426.604        0.000       24.223      551.324
    1429.607        0.000       24.223      551.324
    1432.611        0.000       24.223      551.324
    1435.614        0.000       24.223      551.324
    1438.618        0.000       24.223      551.324
    1441.621        0.000       24.223      551.324
    1444.625        0.000       24.223      551.324
    1447.628        0.000       24.223      551.324
    1450.632        0.000       24.223      551.324
    1453.635        0.000       24.223      551.324
    1456.639        0.000       24.223      551.324
    1459.642        0.000       24.223      551.324
    1462.646        0.000       24.223      551.324
    1465.649        0.000       24.223      551.324
    1468.653        0.000       24.223      551.324
    1471.656        0.000       24.223      551.324
    1474.660        0.000       24.223      551.324
    1477.663        0.000       24.223      551.324
    1480.667        0.000       24.223      551.324
    1483.670        0.000       24.223      551.324
    1486.674        0.000       24.223      551.324
    1489.677        0.000       24.223      551.324
    1492.681        0.300       24.223      551.324
    1495.684        0.000       24.223      551.324
    1498.688        0.000       24.223      551.324
    1501.691        0.000       24.223      551.324
    1504.695        0.000       24.223      551.324
    1507.698        0.000       24.223      551.324
    1510.702        0.000       24.223      551.324
    1513.705        0.000       24.223      551.324
    1516.709        0.000       24.223      551.324
    1519.712        0.000       24.223      551.324
    1522.716        0.000       24.223      551.324
    1525.719        0.000       24.223      551.324
    1528.723        0.000       24.223      551.324
    1531.726        0.000       24.223      551.324
    1534.730        0.000       24.223      551.324
    1537.733        0.000       24.223      551.324
    1540.737        0.000       24.223      551.324
    1543.740        0.000       24.223      551.324
    1546.744        0.000       24.223      551.324
    1549.747        0.000       24.223      551.324
    1552.751        0.000       24.223      551.324
    1555.754        0.000       24.223      551.324
    1558.757        0.000       24.223      551.324
    1561.761        0.000       24.223      551.324
    1564.765        0.000       24.223      551.324
    1567.768        0.000       24.223      551.324
    1570.771        0.000       24.223      551.324
    1573.775        0.000       24.223      551.324
    1576.778        0.000       24.223      551.324
    1579.782        0.000       24.223      551.324
    1582.785        0.000       24.223      551.324
    1585.789        0.000       24.223      551.324
    1588.792        0.000       24.223      551.324
    1591.796        0.000       24.223      551.324
    1594.799        0.000       24.223      551.324
    1597.803        0.000       24.223      551.324
    1600.806        0.000       24.223      551.324
    1603.810        0.000       24.223      551.324
    1606.813        0.000       24.223      551.324
    1609.817        0.000       24.223      551.324
    1612.820        0.000       24.223      551.324
    1615.824        0.000       24.223      551.324
    1618.827        0.000       24.223      551.324
    1621.831        0.000       24.223      551.324
    1624.834        0.000       24.223      551.324
    1627.838        0.000       24.223      551.324
    1630.839        0.000       24.223      551.324
    1633.842        0.000       24.223      551.324
    1636.846        0.000       24.223      551.324
    1639.849        0.000       24.223      551.324
    1642.853        0.000       24.223      551.324
    1645.856        0.000       24.223      551.324
    1648.860        0.000       24.223      551.324
    1651.863        0.000       24.223      551.324
    1654.867        0.000       24.223      551.324
    1657.870        0.000       24.223      551.324
    1660.874        0.000       24.223      551.324
    1663.875        0.000       24.223      551.324
    1666.878        0.000       24.223      551.324
    1669.882        0.000       24.223      551.324
    1672.885        0.000       24.223      551.324
    1675.889        0.000       24.223      551.324
    1678.892        0.000       24.223      551.324
    1681.896        0.000       24.223      551.324
    1684.899        0.000       24.223      551.324
    1687.903        0.000       24.223      551.324
    1690.906        0.000       24.223      551.324
    1693.910        0.000       24.223      551.324
    1696.911        0.000       24.223      551.324
    1699.913        0.000       24.223      551.324
    1702.917        0.000       24.223      551.324
    1705.920        0.000       24.223      551.324
    1708.924        0.000       24.223      551.324
    1711.927        0.000       24.223      551.324
    1714.931        0.000       24.223      551.324
    1717.932        0.000       24.223      551.324
    1720.936        0.000       24.223      551.324
    1723.939        0.000       24.223      551.324
    1726.943        0.000       24.223      551.324
    1729.946        0.000       24.223      551.324
    1732.950        0.000       24.223      551.324
    1735.953        0.000       24.223      551.324
    1738.957        0.000       24.223      551.324
    1741.960        0.300       24.223      551.324
    1744.964        0.000       24.223      551.324
    1747.967        0.000       24.223      551.324
    1750.971        0.000       24.223      551.324
    1753.974        0.000       24.223      551.324
    1756.978        0.000       24.223      551.324
    1759.981        0.000       24.223      551.324
    1762.985        0.000       24.223      551.324
    1765.989        0.000       24.223      551.324
    1768.992        0.000       24.223      551.324
    1771.996        0.000       24.223      551.324
    1774.999        0.000       24.223      551.324
    1778.003        0.000       24.223      551.324
    1781.006        0.000       24.223      551.324
    1784.010        0.000       24.223      551.324
    1787.013        0.000       24.223      551.324
    1790.016        0.000       24.223      551.324
    1793.020        0.000       24.223      551.324
    1796.023        0.000       24.223      551.324
    1799.027        0.000       24.223      551.324
    1802.030        0.000       24.223      551.324
    1805.034        0.000       24.223      551.324
    1808.037        0.000       24.223      551.324
    1811.041        0.000       24.223      551.324
    1814.044        0.000       24.223      551.324
    1817.048        0.000       24.223      551.324
    1820.051        0.000       24.223      551.324
    1823.055        0.000       24.223      551.324
    1826.058        0.000       24.223      551.324
    1829.062        0.000       24.223      551.324
    1832.065        0.000       24.223      551.324
    1835.069        0.000       24.223      551.324
    1838.072        0.000       24.223      551.324
    1841.076        0.000       24.223      551.324
    1844.079        0.000       24.223      551.324
    1847.083        0.000       24.223      551.324
    1850.086        0.000       24.223      551.324
    1853.090        0.000       24.223      551.324
    1856.093        0.000       24.223      551.324
    1859.097        0.000       24.223      551.324
    1862.100        0.000       24.223      551.324
    1865.104        0.000       24.223      551.324
    1868.107        0.000       24.223      551.324
    1871.111        0.000       24.223      551.324
    1874.114        0.000       24.223      551.324
    1877.118        0.000       24.223      551.324
    1880.121        0.000       24.223      551.324
    1883.125        0.000       24.223      551.324
    1886.128        0.000       24.223      551.324
    1889.131        0.000       24.223      551.324
    1892.134        0.000       24.223      551.324
    1895.138        0.000       24.223      551.324
    1898.141        0.000       24.223      551.324
    1901.145        0.000       24.223      551.324
    1904.148        0.000       24.223      551.324
    1907.151        0.000       24.223      551.324
    1910.155        0.000       24.223      551.324
    1913.158        0.000       24.223      551.324
    1916.159        0.000       24.223      551.324
    1919.162        0.000       24.223      551.324
    1922.166        0.000       24.223      551.324
    1925.169        0.000       24.223      551.324
    1928.173        0.000       24.223      551.324
    1931.176        0.000       24.223      551.324
    1934.180        0.000       24.223      551.324
    1937.183        0.000       24.223      551.324
    1940.187        0.000       24.223      551.324
    1943.190        0.000       24.223      551.324
    1946.194        0.000       24.223      551.324
    1949.197        0.000       24.223      551.324
    1952.201        0.000       24.223      551.324
    1955.204        0.000       24.223      551.324
    1958.208        0.000       24.223      551.324
    1961.211        0.000       24.223      551.324
    1964.214        0.000       24.223      551.324
    1967.218        0.000       24.223      551.324
    1970.221        0.000       24.223      551.324
    1973.225        0.000       24.223      551.324
    1976.228        0.000       24.223      551.324
    1979.232        0.000       24.223      551.324
    1982.235        0.000       24.223      551.324
    1985.239        0.000       24.223      551.324
    1988.242        0.000       24.223      551.324
    1991.245        0.300       24.223      551.324
    1994.249        0.000       24.223      551.324
    1997.252        0.000       24.223      551.324
    2000.256        0.000       24.223      551.324
    2003.259        0.000       24.223      551.324
    2006.263        0.000       24.223      551.324
    2009.266        0.000       24.223      551.324
    2012.269        0.000       24.223      551.324
    2015.273        0.000       24.223      551.324
    2018.276        0.000       24.223      551.324
    2021.280        0.000       24.223      551.324
    2024.283        0.000       24.223      551.324
    2027.287        0.000       24.223      551.324
    2030.290        0.000       24.223      551.324
    2033.293        0.000       24.223      551.324
    2036.293        0.000       24.223      551.324
    2039.297        0.000       24.223      551.324
    2042.299        0.000       24.223      551.324
    2045.300        0.000       24.223      551.324
    2048.303        0.000       24.223      551.324
    2051.306        0.000       24.223      551.324
    2054.310        0.000       24.223      551.324
    2057.313        0.000       24.223      551.324
    2060.317        0.000       24.223      551.324
    2063.320        0.000       24.223      551.324
    2066.323        0.000       24.223      551.324
    2069.327        0.000       24.223      551.324
    2072.330        0.000       24.223      551.324
    2075.334        0.000       24.223      551.324
    2078.337        0.000       24.223      551.324
    2081.341        0.000       24.223      551.324
    2084.344        0.000       24.223      551.324
    2087.348        0.000       24.223      551.324
    2090.351        0.000       24.223      551.324
    2093.355        0.000       24.223      551.324
    2096.358        0.000       24.223      551.324
    2099.362        0.000       24.223      551.324
    2102.366        0.000       24.223      551.324
    2105.366        0.000       24.223      551.324
    2108.367        0.000       24.223      551.324
    2111.370        0.000       24.223      551.324
    2114.374        0.000       24.223      551.324
    2117.377        0.000       24.223      551.324
    2120.380        0.000       24.223      551.324
    2123.384        0.000       24.223      551.324
    2126.387        0.000       24.223      551.324
    2129.391        0.000       24.223      551.324
    2132.394        0.000       24.223      551.324
    2135.398        0.000       24.223      551.324
    2138.401        0.000       24.223      551.324
    2141.405        0.000       24.223      551.324
    2144.408        0.000       24.223      551.324
    2147.412        0.000       24.223      551.324
    2150.415        0.000       24.223      551.324
    2153.419        0.300       24.223      551.324
    2156.422        0.000       24.223      551.324
    2159.426        0.000       24.223      551.324
    2162.429        0.000       24.223      551.324
    2165.433        0.000       24.223      551.324
    2168.436        0.000       24.223      551.324
    2171.440        0.000       24.223      551.324
    2174.443        0.000       24.223      551.324
    2177.447        0.000       24.223      551.324
    2180.450        0.000       24.223      551.324
    2183.454        0.000       24.223      551.324
    2186.457        0.000       24.223      551.324
    2189.461        0.000       24.223      551.324
    2192.464        0.000       24.223      551.324
    2195.468        0.000       24.223      551.324
    2198.471        0.000       24.223      551.324
    2201.475        0.000       24.223      551.324
    2204.478        0.000       24.223      551.324
    2207.482        0.000       24.223      551.324
    2210.485        0.000       24.223      551.324
    2213.489        0.000       24.223      551.324
    2216.492        0.000       24.223      551.324
    2219.496        0.000       24.223      551.324
    2222.499        0.000       24.223      551.324
    2225.503        0.000       24.223      551.324
    2228.506        0.000       24.223      551.324
    2231.510        0.000       24.223      551.324
    2234.513        0.000       24.223      551.324
    2237.517        0.000       24.223      551.324
    2240.520        0.000       24.223      551.324
    2243.523        0.000       24.223      551.324
    2246.527        0.000       24.223      551.324
    2249.528        0.000       24.223      551.324
    2252.532        0.000       24.223      551.324
    2255.535        0.000       24.223      551.324
    2258.539        0.000       24.223      551.324
    2261.542        0.000       24.223      551.324
    2264.546        0.000       24.223      551.324
    2267.549        0.000       24.223      551.324
    2270.553        0.000       24.223      551.324
    2273.556        0.000       24.223      551.324
    2276.560        0.000       24.223      551.324
    2279.563        0.000       24.223      551.324
    2282.567        0.000       24.223      551.324
    2285.570        0.000       24.223      551.324
    2288.574        0.000       24.223      551.324
    2291.577        0.000       24.223      551.324
    2294.581        0.000       24.223      551.324
    2297.584        0.000       24.223      551.324
    2300.588        0.000       24.223      551.324
    2303.591        0.000       24.223      551.324
    2306.595        0.000       24.223      551.324
    2309.598        0.000       24.223      551.324
    2312.602        0.000       24.223      551.324
    2315.605        0.000       24.223      551.324
    2318.609        0.000       24.223      551.324
    2321.612        0.000       24.223      551.324
    2324.616        0.000       24.223      551.324
    2327.619        0.000       24.223      551.324
    2330.623        0.000       24.223      551.324
    2333.626        0.000       24.223      551.324
    2336.630        0.000       24.223      551.324
    2339.633        0.000       24.223      551.324
    2342.637        0.000       24.223      551.324
    2345.640        0.000       24.223      551.324
    2348.644        0.000       24.223      551.324
    2351.647        0.000       24.223      551.324
    2354.651        0.000       24.223      551.324
    2357.654        0.000       24.223      551.324
    2360.658        0.000       24.223      551.324
    2363.661        0.000       24.223      551.324
    2366.665        0.300       24.223      551.324
    2369.668        0.000       24.223      551.324
    2372.672        0.000       24.223      551.324
    2375.675        0.000       24.223      551.324
    2378.679        0.000       24.223      551.324
    2381.682        0.000       24.223      551.324
    2384.686        0.000       24.223      551.324
    2387.689        0.000       24.223      551.324
    2390.693        0.000       24.223      551.324
    2393.696        0.000       24.223      551.324
    2396.700        0.000       24.223      551.324
    2399.703        0.000       24.223      551.324
    2402.707        0.000       24.223      551.324
    2405.710        0.000       24.223      551.324
    2408.714        0.000       24.223      551.324
    2411.717        0.000       24.223      551.324
    2414.721        0.000       24.223      551.324
    2417.724        0.000       24.223      551.324
    2420.727        0.000       24.223      551.324
    2423.730        0.000       24.223      551.324
    2426.734        0.000       24.223      551.324
    2429.737        0.000       24.223      551.324
    2432.741        0.000       24.223      551.324
    2435.744        0.000       24.223      551.324
    2438.748        0.000       24.223      551.324
    2441.751        0.000       24.223      551.324
    2444.755        0.000       24.223      551.324
    2447.758        0.000       24.223      551.324
    2450.762        0.000       24.223      551.324
    2453.765        0.000       24.223      551.324
    2456.769        0.000       24.223      551.324
    2459.772        0.000       24.223      551.324
    2462.776        0.000       24.223      551.324
    2465.777        0.000       24.223      551.324
    2468.779        0.000       24.223      551.324
    2471.783        0.000       24.223      551.324
    2474.786        0.000       24.223      551.324
    2477.790        0.000       24.223      551.324
    2480.793        0.000       24.223      551.324
    2483.797        0.000       24.223      551.324
    2486.800        0.000       24.223      551.324
    2489.804        0.000       24.223      551.324
    2492.807        0.000       24.223      551.324
    2495.811        0.000       24.223      551.324
    2498.814        0.000       24.223      551.324
    2501.818        0.000       24.223      551.324
    2504.821        0.000       24.223      551.324
    2507.825        0.000       24.223      551.324
    2510.828        0.000       24.223      551.324
    2513.832        0.000       24.223      551.324
    2516.835        0.000       24.223      551.324
    2519.838        0.000       24.223      551.324
    2522.842        0.000       24.223      551.324
    2525.845        0.000       24.223      551.324
    2528.849        0.000       24.223      551.324
    2531.852        0.000       24.223      551.324
    2534.856        0.000       24.223      551.324
    2537.859        0.000       24.223      551.324
    2540.863        0.000       24.223      551.324
    2543.866        0.000       24.223      551.324
    2546.870        0.000       24.223      551.324
    2549.873        0.000       24.223      551.324
    2552.876        0.000       24.223      551.324
    2555.880        0.000       24.223      551.324
    2558.883        0.000       24.223      551.324
    2561.887        0.000       24.223      551.324
    2564.888        0.000       24.223      551.324
    2567.892        0.000       24.223      551.324
    2570.895        0.000       24.223      551.324
    2573.899        0.000       24.223      551.324
    2576.902        0.000       24.223      551.324
    2579.906        0.000       24.223      551.324
    2582.909        0.000       24.223      551.324
    2585.913        0.000       24.223      551.324
    2588.914        0.000       24.223      551.324
    2591.917        0.000       24.223      551.324
    2594.920        0.000       24.223      551.324
    2597.924        0.000       24.223      551.324
    2600.927        0.000       24.223      551.324
    2603.931        0.000       24.223      551.324
    2606.934        0.000       24.223      551.324
    2609.938        0.000       24.223      551.324
    2612.941        0.000       24.223      551.324
    2615.945        0.300       24.223      551.324
    2618.948        0.000       24.223      551.324
    2621.952        0.000       24.223      551.324
    2624.955        0.000       24.223      551.324
    2627.959        0.000       24.223      551.324
    2630.962        0.000       24.223      551.324
    2633.966        0.000       24.223      551.324
    2636.969        0.000       24.223      551.324
    2639.972        0.000       24.223      551.324
    2642.976        0.000       24.223      551.324
    2645.979        0.000       24.223      551.324
    2648.983        0.000       24.223      551.324
    2651.986        0.000       24.223      551.324
    2654.987        0.000       24.223      551.324
    2657.990        0.000       24.223      551.324
    2660.994        0.000       24.223      551.324
    2663.994        0.000       24.223      551.324
    2666.998        0.000       24.223      551.324
    2670.001        0.000       24.223      551.324
    2673.005        0.000       24.223      551.324
    2676.008        0.000       24.223      551.324
    2679.012        0.000       24.223      551.324
    2682.015        0.000       24.223      551.324
    2685.019        0.000       24.223      551.324
    2688.022        0.000       24.223      551.324
    2691.026        0.000       24.223      551.324
    2694.029        0.000       24.223      551.324
    2697.033        0.000       24.223      551.324
    2700.036        0.000       24.223      551.324
    2703.040        0.000       24.223      551.324
    2706.043        0.000       24.223      551.324
    2709.047        0.000       24.223      551.324
    2712.049        0.000       24.223      551.324
    2715.052        0.000       24.223      551.324
    2718.056        0.000       24.223      551.324
    2721.059        0.000       24.223      551.324
    2724.063        0.000       24.223      551.324
    2727.066        0.000       24.223      551.324
    2730.070        0.000       24.223      551.324
    2733.073        0.000       24.223      551.324
    2736.077        0.000       24.223      551.324
    2739.080        0.000       24.223      551.324
    2742.084        0.000       24.223      551.324
    2745.087        0.000       24.223      551.324
    2748.091        0.000       24.223      551.324
    2751.094        0.000       24.223      551.324
    2754.098        0.000       24.223      551.324
    2757.101        0.000       24.223      551.324
    2760.105        0.000       24.223      551.324
    2763.108        0.000       24.223      551.324
    2766.112        0.000       24.223      551.324
    2769.115        0.000       24.223      551.324
    2772.119        0.000       24.223      551.324
    2775.122        0.000       24.223      551.324
    2778.126        0.000       24.223      551.324
    2781.127        0.000       24.223      551.324
    2784.131        0.000       24.223      551.324
    2787.134        0.000       24.223      551.324
    2790.138        0.000       24.223      551.324
    2793.141        0.000       24.223      551.324
    2796.144        0.000       24.223      551.324
    2799.148        0.000       24.223      551.324
    2802.151        0.000       24.223      551.324
    2805.155        0.000       24.223      551.324
    2808.158        0.000       24.223      551.324
    2811.162        0.000       24.223      551.324
    2814.165        0.000       24.223      551.324
    2817.169        0.000       24.223      551.324
    2820.172        0.000       24.223      551.324
    2823.176        0.000       24.223      551.324
    2826.179        0.000       24.223      551.324
    2829.183        0.000       24.223      551.324
    2832.186        0.000       24.223      551.324
    2835.189        0.000       24.223      551.324
    2838.193        0.000       24.223      551.324
    2841.196        0.000       24.223      551.324
    2844.200        0.000       24.223      551.324
    2847.203        0.000       24.223      551.324
    2850.207        0.000       24.223      551.324
    2853.210        0.000       24.223      551.324
    2856.214        0.000       24.223      551.324
    2859.217        0.000       24.223      551.324
    2862.221        0.000       24.223      551.324
    2865.224        0.000       24.223      551.324
    2868.227        0.300       24.223      551.324
    2871.231        0.000       24.223      551.324
    2874.234        0.000       24.223      551.324
    2877.238        0.000       24.223      551.324
    2880.241        0.000       24.223      551.324
    2883.244        0.000       24.223      551.324
    2886.248        0.000       24.223      551.324
    2889.251        0.000       24.223      551.324
    2892.255        0.000       24.223      551.324
    2895.258        0.000       24.223      551.324
    2898.262        0.000       24.223      551.324
    2901.265        0.000       24.223      551.324
    2904.268        0.000       24.223      551.324
    2907.271        0.000       24.223      551.324
    2910.273        0.000       24.223      551.324
    2913.276        0.000       24.223      551.324
    2916.280        0.000       24.223      551.324
    2919.283        0.000       24.223      551.324
    2922.286        0.000       24.223      551.324
    2925.289        0.000       24.223      551.324
    2928.293        0.000       24.223      551.324
    2931.296        0.000       24.223      551.324
    2934.298        0.000       24.223      551.324
    2937.301        0.000       24.223      551.324
    2940.304        0.000       24.223      551.324
    2943.307        0.000       24.223      551.324
    2946.310        0.000       24.223      551.324
    2949.314        0.000       24.223      551.324
    2952.316        0.000       24.223      551.324
    2955.320        0.000       24.223      551.324
    2958.323        0.000       24.223      551.324
    2961.325        0.000       24.223      551.324
    2964.329        0.000       24.223      551.324
    2967.332        0.000       24.223      551.324
    2970.335        0.000       24.223      551.324
    2973.337        0.000       24.223      551.324
    2976.339        0.000       24.223      551.324
    2979.342        0.000       24.223      551.324
    2982.345        0.000       24.223      551.324
    2985.348        0.000       24.223      551.324
    2988.351        0.000       24.223      551.324
    2991.355        0.000       24.223      551.324
    2994.358        0.000       24.223      551.324
    2997.361        0.000       24.223      551.324
    3000.364        0.000       24.223      551.324
    3003.368        0.000       24.223      551.324
    3006.371        0.000       24.223      551.324
    3009.374        0.000       24.223      551.324
    3012.377        0.000       24.223      551.324
    3015.381        0.000       24.223      551.324
    3018.383        0.300       24.223      551.324
    3021.387        0.000       24.223      551.324
    3024.390        0.000       24.223      551.324
    3027.393        0.000       24.223      551.324
    3030.396        0.000       24.223      551.324
    3033.400        0.000       24.223      551.324
    3036.403        0.000       24.223      551.324
    3039.406        0.000       24.223      551.324
    3042.410        0.000       24.223      551.324
    3045.412        0.000       24.223      551.324
    3048.416        0.000       24.223      551.324
    3051.419        0.000       24.223      551.324
    3054.423        0.000       24.223      551.324
    3057.426        0.000       24.223      551.324
    3060.429        0.000       24.223      551.324
    3063.432        0.000       24.223      551.324
    3066.436        0.000       24.223      551.324
    3069.438        0.000       24.223      551.324
    3072.442        0.000       24.223      551.324
    3075.445        0.000       24.223      551.324
    3078.449        0.000       24.223      551.324
    3081.452        0.000       24.223      551.324
    3084.456        0.000       24.223      551.324
    3087.458        0.000       24.223      551.324
    3090.462        0.000       24.223      551.324
    3093.464        0.000       24.223      551.324
    3096.467        0.000       24.223      551.324
    3099.470        0.000       24.223      551.324
    3102.473        0.000       24.223      551.324
    3105.476        0.000       24.223      551.324
    3108.480        0.000       24.223      551.324
    3111.483        0.000       24.223      551.324
    3114.487        0.000       24.223      551.324
    3117.490        0.000       24.223      551.324
    3120.494        0.000       24.223      551.324
    3123.497        0.000       24.223      551.324
    3126.501        0.000       24.223      551.324
    3129.504        0.000       24.223      551.324
    3132.508        0.000       24.223      551.324
    3135.511        0.000       24.223      551.324
    3138.515        0.000       24.223      551.324
    3141.518        0.000       24.223      551.324
    3144.522        0.000       24.223      551.324
    3147.525        0.000       24.223      551.324
    3150.529        0.000       24.223      551.324
    3153.532        0.000       24.223      551.324
    3156.536        0.000       24.223      551.324
    3159.539        0.000       24.223      551.324
    3162.543        0.000       24.223      551.324
    3165.546        0.000       24.223      551.324
    3168.550        0.000       24.223      551.324
    3171.553        0.000       24.223      551.324
    3174.557        0.000       24.223      551.324
    3177.560        0.000       24.223      551.324
    3180.564        0.000       24.223      551.324
    3183.567        0.000       24.223      551.324
    3186.571        0.000       24.223      551.324
    3189.574        0.000       24.223      551.324
    3192.575        0.000       24.223      551.324
    3195.578        0.000       24.223      551.324
    3198.582        0.000       24.223      551.324
    3201.585        0.000       24.223      551.324
    3204.589        0.000       24.223      551.324
    3207.592        0.000       24.223      551.324
    3210.596        0.000       24.223      551.324
    3213.599        0.000       24.223      551.324
    3216.603        0.000       24.223      551.324
    3219.605        0.000       24.223      551.324
    3222.608        0.000       24.223      551.324
    3225.612        0.000       24.223      551.324
    3228.616        0.000       24.223      551.324
    3231.619        0.000       24.223      551.324
    3234.622        0.000       24.223      551.324
    3237.625        0.000       24.223      551.324
    3240.629        0.300       24.223      551.324
    3243.632        0.000       24.223      551.324
    3246.636        0.000       24.223      551.324
    3249.639        0.000       24.223      551.324
    3252.643        0.000       24.223      551.324
    3255.646        0.000       24.223      551.324
    3258.650        0.000       24.223      551.324
    3261.653        0.000       24.223      551.324
    3264.655        0.000       24.223      551.324
    3267.658        0.000       24.223      551.324
    3270.662        0.000       24.223      551.324
    3273.665        0.000       24.223      551.324
    3276.668        0.000       24.223      551.324
    3279.672        0.000       24.223      551.324
    3282.675        0.000       24.223      551.324
    3285.679        0.000       24.223      551.324
    3288.682        0.000       24.223      551.324
    3291.686        0.000       24.223      551.324
    3294.689        0.000       24.223      551.324
    3297.692        0.000       24.223      551.324
    3300.696        0.000       24.223      551.324
    3303.699        0.000       24.223      551.324
    3306.702        0.000       24.223      551.324
    3309.706        0.000       24.223      551.324
    3312.709        0.000       24.223      551.324
    3315.713        0.000       24.223      551.324
    3318.716        0.000       24.223      551.324
    3321.720        0.000       24.223      551.324
    3324.723        0.000       24.223      551.324
    3327.726        0.000       24.223      551.324
    3330.730        0.000       24.223      551.324
    3333.733        0.000       24.223      551.324
    3336.737        0.000       24.223      551.324
    3339.740        0.000       24.223      551.324
    3342.744        0.000       24.223      551.324
    3345.746        0.000       24.223      551.324
    3348.749        0.000       24.223      551.324
    3351.753        0.000       24.223      551.324
    3354.756        0.000       24.223      551.324
    3357.760        0.000       24.223      551.324
    3360.763        0.000       24.223      551.324
    3363.767        0.000       24.223      551.324
    3366.770        0.000       24.223      551.324
    3369.774        0.000       24.223      551.324
    3372.777        0.000       24.223      551.324
    3375.779        0.000       24.223      551.324
    3378.781        0.000       24.223      551.324
    3381.785        0.000       24.223      551.324
    3384.788        0.000       24.223      551.324
    3387.792        0.000       24.223      551.324
    3390.795        0.000       24.223      551.324
    3393.799        0.000       24.223      551.324
    3396.802        0.000       24.223      551.324
    3399.806        0.000       24.223      551.324
    3402.809        0.000       24.223      551.324
    3405.813        0.000       24.223      551.324
    3408.816        0.000       24.223      551.324
    3411.820        0.000       24.223      551.324
    3414.823        0.000       24.223      551.324
    3417.826        0.000       24.223      551.324
    3420.830        0.000       24.223      551.324
    3423.834        0.000       24.223      551.324
    3426.837        0.000       24.223      551.324
    3429.841        0.000       24.223      551.324
    3432.844        0.000       24.223      551.324
    3435.848        0.000       24.223      551.324
    3438.851        0.000       24.223      551.324
    3441.854        0.000       24.223      551.324
    3444.858        0.000       24.223      551.324
    3447.861        0.000       24.223      551.324
    3450.865        0.000       24.223      551.324
    3453.868        0.000       24.223      551.324
    3456.872        0.000       24.223      551.324
    3459.875        0.000       24.223      551.324
    3462.878        0.000       24.223      551.324
    3465.882        0.000       24.223      551.324
    3468.886        0.000       24.223      551.324
    3471.889        0.000       24.223      551.324
    3474.892        0.000       24.223      551.324
    3477.896        0.000       24.223      551.324
    3480.899        0.000       24.223      551.324
    3483.902        0.000       24.223      551.324
    3486.906        0.000       24.223      551.324
    3489.909        0.000       24.223      551.324
    3492.913        0.300       24.223      551.324
    3495.915        0.000       24.223      551.324
    3498.918        0.000       24.223      551.324
    3501.921        0.000       24.223      551.324
    3504.924        0.000       24.223      551.324
    3507.927        0.000       24.223      551.324
    3510.931        0.000       24.223      551.324
    3513.934        0.000       24.223      551.324
    3516.938        0.000       24.223      551.324
    3519.941        0.000       24.223      551.324
    3522.944        0.000       24.223      551.324
    3525.948        0.000       24.223      551.324
    3528.951        0.000       24.223      551.324
    3531.954        0.000       24.223      551.324
    3534.957        0.000       24.223      551.324
    3537.961        0.000       24.223      551.324
    3540.964        0.000       24.223      551.324
    3543.967        0.000       24.223      551.324
    3546.970        0.000       24.223      551.324
    3549.974        0.000       24.223      551.324
    3552.977        0.000       24.223      551.324
    3555.981        0.000       24.223      551.324
    3558.984        0.000       24.223      551.324
    3561.988        0.000       24.223      551.324
    3564.991        0.000       24.223      551.324
    3567.995        0.000       24.223      551.324
    3570.998        0.000       24.223      551.324
    3574.001        0.000       24.223      551.324
    3577.005        0.000       24.223      551.324
    3580.008        0.000       24.223      551.324
    3583.012        0.000       24.223      551.324
    3586.015        0.000       24.223      551.324
    3589.019        0.000       24.223      551.324
    3592.023        0.000       24.223      551.324
    3595.025        0.000       24.223      551.324
    3598.028        0.000       24.223      551.324
    3601.031        0.000       24.223      551.324
    3604.035        0.000       24.223      551.324
    3607.038        0.000       24.223      551.324
    3610.042        0.000       24.223      551.324
    3613.045        0.000       24.223      551.324
    3616.049        0.000       24.223      551.324
    3619.052        0.000       24.223      551.324
    3622.056        0.000       24.223      551.324
    3625.059        0.000       24.223      551.324
    3628.062        0.000       24.223      551.324
    3631.065        0.000       24.223      551.324
    3634.068        0.000       24.223      551.324
    3637.072        0.000       24.223      551.324
    3640.075        0.000       24.223      551.324
    3643.079        0.000       24.223      551.324
    3646.082        0.000       24.223      551.324
    3649.085        0.000       24.223      551.324
    3652.089        0.000       24.223      551.324
    3655.091        0.000       24.223      551.324
    3658.095        0.000       24.223      551.324
    3661.097        0.000       24.223      551.324
    3664.101        0.000       24.223      551.324
    3667.104        0.000       24.223      551.324
    3670.107        0.000       24.223      551.324
    3673.110        0.000       24.223      551.324
    3676.114        0.000       24.223      551.324
    3679.117        0.000       24.223      551.324
    3682.120        0.000       24.223      551.324
    3685.124        0.000       24.223      551.324
    3688.127        0.000       24.223      551.324
    3691.130        0.300       24.223      551.324
    3694.133        0.000       24.223      551.324
    3697.136        0.000       24.223      551.324
    3700.139        0.000       24.223      551.324
    3703.142        0.000       24.223      551.324
    3706.146        0.000       24.223      551.324
    3709.149        0.000       24.223      551.324
    3712.152        0.000       24.223      551.324
    3715.155        0.000       24.223      551.324
    3718.158        0.000       24.223      551.324
    3721.162        0.000       24.223      551.324
    3724.165        0.000       24.223      551.324
    3727.168        0.000       24.223      551.324
    3730.171        0.000       24.223      551.324
    3733.174        0.000       24.223      551.324
    3736.177        0.000       24.223      551.324
    3739.180        0.000       24.223      551.324
    3742.183        0.000       24.223      551.324
    3745.186        0.000       24.223      551.324
    3748.190        0.000       24.223      551.324
    3751.193        0.000       24.223      551.324
    3754.196        0.000       24.223      551.324
    3757.199        0.000       24.223      551.324
    3760.202        0.000       24.223      551.324
    3763.206        0.000       24.223      551.324
    3766.209        0.000       24.223      551.324
    3769.213        0.000       24.223      551.324
    3772.216        0.000       24.223      551.324
    3775.220        0.000       24.223      551.324
    3778.223        0.000       24.223      551.324
    3781.227        0.000       24.223      551.324
    3784.230        0.000       24.223      551.324
    3787.234        0.000       24.223      551.324
    3790.237        0.000       24.223      551.324
    3793.241        0.000       24.223      551.324
    3796.244        0.000       24.223      551.324
    3799.248        0.000       24.223      551.324
    3802.251        0.000       24.223      551.324
    3805.254        0.000       24.223      551.324
    3808.256        0.000       24.223      551.324
    3811.257        0.000       24.223      551.324
    3814.259        0.000       24.223      551.324
    3817.263        0.000       24.223      551.324
    3820.266        0.000       24.223      551.324
    3823.270        0.000       24.223      551.324
    3826.273        0.000       24.223      551.324
    3829.276        0.000       24.223      551.324
    3832.279        0.000       24.223      551.324
    3835.283        0.000       24.223      551.324
    3838.286        0.000       24.223      551.324
    3841.289        0.000       24.223      551.324
    3844.292        0.000       24.223      551.324
    3847.296        0.000       24.223      551.324
    3850.299        0.000       24.223      551.324
    3853.303        0.000       24.223      551.324
    3856.306        0.000       24.223      551.324
    3859.309        0.000       24.223      551.324
    3862.313        0.000       24.223      551.324
    3865.316        0.000       24.223      551.324
    3868.320        0.300       24.223      551.324
    3871.323        0.000       24.223      551.324
    3874.326        0.000       24.223      551.324
    3877.329        0.000       24.223      551.324
    3880.333        0.000       24.223      551.324
    3883.336        0.000       24.223      551.324
    3886.339        0.000       24.223      551.324
    3889.342        0.000       24.223      551.324
    3892.346        0.000       24.223      551.324
    3895.349        0.000       24.223      551.324
    3898.351        0.000       24.223      551.324
    3901.355        0.000       24.223      551.324
    3904.358        0.000       24.223      551.324
    3907.362        0.000       24.223      551.324
    3910.365        0.000       24.223      551.324
    3913.368        0.000       24.223      551.324
    3916.371        0.000       24.223      551.324
    3919.375        0.000       24.223      551.324
    3922.377        0.000       24.223      551.324
    3925.380        0.000       24.223      551.324
    3928.383        0.000       24.223      551.324
    3931.386        0.000       24.223      551.324
    3934.390        0.000       24.223      551.324
    3937.393        0.000       24.223      551.324
    3940.396        0.000       24.223      551.324
    3943.399        0.000       24.223      551.324
    3946.402        0.000       24.223      551.324
    3949.406        0.000       24.223      551.324
    3952.408        0.000       24.152      551.324
    3955.412        0.000       24.152      551.324
    3958.415        0.000       24.152      551.324
    3961.419        0.000       24.152      551.324
    3964.422        0.000       24.152      551.324
    3967.426        0.000       24.152      551.324
    3970.427        0.000       24.152      551.324
    3973.430        0.000       24.152      551.324
    3976.431        0.000       24.152      551.324
    3979.434        0.000       24.152      551.324
    3982.435        0.000       24.152      551.324
    3985.436        0.000       24.152      551.324
    3988.440        0.000       24.152      551.324
    3991.444        0.000       24.152      551.324
    3994.447        0.000       24.152      551.324
    3997.450        0.000       24.152      551.324
    4000.454        0.000       24.152      551.324
    4003.457        0.000       24.152      551.324
    4006.461        0.000       24.152      551.324
    4009.464        0.000       24.152      551.324
    4012.468        0.000       24.152      551.324
    4015.471        0.000       24.152      551.324
    4018.475        0.000       24.152      551.324
    4021.478        0.000       24.152      551.324
    4024.482        0.000       24.152      551.324
    4027.485        0.000       24.152      551.324
    4030.488        0.000       24.152      551.324
    4033.491        0.000       24.152      551.324
    4036.495        0.000       24.152      551.324
    4039.498        0.000       24.152      551.324
    4042.502        0.000       24.152      551.324
    4045.505        0.000       24.152      551.324
    4048.507        0.000       24.152      551.324
    4051.511        0.000       24.152      551.324
    4054.514        0.000       24.152      551.324
    4057.518        0.000       24.152      551.324
    4060.521        0.000       24.152      551.324
    4063.525        0.000       24.152      551.324
    4066.528        0.000       24.152      551.324
    4069.531        0.000       24.152      551.324
    4072.535        0.000       24.152      551.324
    4075.538        0.000       24.152      551.324
    4078.542        0.000       24.152      551.324
    4081.545        0.000       24.152      551.324
    4084.548        0.000       24.152      551.324
    4087.552        0.000       24.152      551.324
    4090.555        0.000       24.152      551.324
    4093.559        0.000       24.152      551.324
    4096.562        0.000       24.152      551.324
    4099.566        0.000       24.152      551.324
    4102.569        0.000       24.152      551.324
    4105.573        0.000       24.152      551.324
    4108.576        0.000       24.152      551.324
    4111.579        0.000       24.152      551.324
    4114.583        0.000       24.152      551.324
    4117.584        0.300       24.152      551.324
    4120.588        0.000       24.152      551.324
    4123.591        0.000       24.152      551.324
    4126.595        0.000       24.152      551.324
    4129.598        0.000       24.152      551.324
    4132.600        0.000       24.152      551.324
    4135.603        0.000       24.152      551.324
    4138.607        0.000       24.152      551.324
    4141.610        0.000       24.152      551.324
    4144.614        0.000       24.152      551.324
    4147.617        0.000       24.152      551.324
    4150.621        0.000       24.152      551.324
    4153.624        0.000       24.152      551.324
    4156.628        0.000       24.152      551.324
    4159.631        0.000       24.152      551.324
    4162.634        0.000       24.152      551.324
    4165.638        0.000       24.152      551.324
    4168.641        0.000       24.152      551.324
    4171.645        0.000       24.152      551.324
    4174.648        0.000       24.152      551.324
    4177.652        0.000       24.152      551.324
    4180.655        0.000       24.152      551.324
    4183.658        0.000       24.152      551.324
    4186.662        0.000       24.152      551.324
    4189.665        0.000       24.152      551.324
    4192.669        0.000       24.152      551.324
    4195.672        0.000       24.152      551.324
    4198.675        0.000       24.152      551.324
