# Elapsed time   CPU (%)     Real (MB)   Virtual (MB)
       0.000        0.000       41.148     1018.730
       3.004        0.300       41.148     1018.730
       6.007        0.300       41.148     1018.730
       9.011        0.000       41.148     1018.730
      12.014        0.300       41.148     1018.730
      15.017        0.300       41.148     1018.730
      18.021        0.000       41.148     1018.730
      21.024        0.300       41.762     1019.762
      24.028        0.700       41.762     1019.762
      27.031        0.000       41.762     1019.762
      30.035        0.300       41.762     1019.762
      33.038        0.000       41.762     1019.762
      36.042        0.300       41.762     1019.762
      39.045        0.000       41.762     1019.762
      42.049        0.300       41.762     1019.762
      45.052        0.300       41.762     1019.762
      48.056        0.000       41.762     1019.762
      51.059        0.700       42.047     1019.762
      54.063        0.300       42.750     1019.762
      57.067        0.300       42.750     1019.762
      60.070        0.300       42.750     1019.762
      63.073        0.300       42.750     1019.762
      66.077        0.000       42.750     1019.762
      69.081        0.300       42.750     1019.762
      72.084        0.300       42.750     1019.762
      75.088        0.000       42.750     1019.762
      78.091        0.300       42.750     1019.762
      81.095        0.300       42.750     1019.762
      84.098        0.000       42.750     1019.762
      87.102        0.300       43.309     1020.793
      90.105        0.300       43.309     1020.793
      93.109        0.300       43.309     1020.793
      96.112        0.000       43.309     1020.793
      99.116        0.300       43.309     1020.793
     102.119        0.300       43.309     1020.793
     105.123        0.000       43.309     1020.793
     108.126        0.300       43.309     1020.793
     111.130        0.700       43.574     1020.793
     114.133        0.700       43.613     1020.793
     117.137        0.300       43.613     1020.793
     120.140        0.300       43.613     1020.793
     123.144        0.000       43.613     1020.793
     126.147        0.300       43.613     1020.793
     129.151        0.300       43.613     1020.793
     132.154        0.000       43.613     1020.793
     135.158        0.300       43.613     1020.793
     138.161        0.300       43.613     1020.793
     141.165        0.000       43.613     1020.793
     144.168        0.300       43.613     1020.793
     147.172        0.700       43.613     1020.793
     150.175        0.300       43.613     1020.793
     153.179        0.000       43.613     1020.793
     156.182        0.300       43.613     1020.793
     159.186        0.300       43.613     1020.793
     162.189        0.000       43.613     1020.793
     165.193        0.300       43.613     1020.793
     168.196        0.000       43.613     1020.793
     171.200        0.700       43.770     1020.793
     174.203        1.000       43.789     1020.793
     177.207        0.300       43.789     1020.793
     180.210        0.000       43.789     1020.793
     183.214        0.300       43.789     1020.793
     186.218        0.300       43.789     1020.793
     189.221        0.300       44.297     1020.793
     192.225        0.000       44.297     1020.793
     195.228        0.300       44.297     1020.793
     198.232        0.300       44.297     1020.793
     201.235        0.000       44.297     1020.793
     204.239        0.300       44.297     1020.793
     207.242        0.000       44.297     1020.793
     210.246        0.300       44.297     1020.793
     213.249        0.300       44.699     1021.828
     216.253        0.300       44.699     1021.828
     219.256        0.700       44.699     1021.828
     222.260        0.000       44.699     1021.828
     225.263        0.300       44.699     1021.828
     228.267        0.300       44.699     1021.828
     231.270        0.000       45.074     1021.828
     234.274        1.300       45.672     1165.836
     237.277        0.300       45.672     1165.836
     240.281        0.000       45.672     1165.836
     243.284        0.300       45.672     1165.836
     246.288        0.300       45.672     1165.836
     249.291        0.000       45.672     1165.836
     252.295        0.300       45.672     1165.836
     255.298        0.300       45.672     1165.836
     258.302        0.700       45.672     1165.836
     261.305        0.300       45.672     1165.836
     264.309        0.000       45.672     1165.836
     267.312        0.300       45.672     1165.836
     270.316        0.000       45.672     1165.836
     273.319        0.300       45.672     1165.836
     276.323        0.300       45.672     1165.836
     279.327        0.000       45.672     1165.836
     282.330        0.300       45.672     1165.836
     285.334        0.300       45.672     1165.836
     288.337        0.000       45.672     1165.836
     291.341        0.700       45.715     1165.836
     294.344        0.300       45.852     1165.836
     297.348        0.300       45.852     1165.836
     300.351        0.300       45.852     1165.836
     303.355        0.000       45.852     1165.836
     306.358        0.700       45.852     1165.836
     309.362        0.000       45.852     1165.836
     312.366        0.300       45.852     1165.836
     315.369        0.300       45.852     1165.836
     318.373        0.000       45.852     1165.836
     321.376        0.700       45.852     1165.836
     324.380        0.000       45.852     1165.836
     327.383        0.300       45.852     1165.836
     330.387        0.300       45.852     1165.836
     333.390        0.300       45.852     1165.836
     336.394        0.000       45.852     1165.836
     339.397        0.300       45.852     1165.836
     342.401        0.300       45.852     1165.836
     345.405        0.000       45.852     1165.836
     348.408        0.300       45.852     1165.836
     351.412        0.700       46.047     1165.836
     354.415        0.700       46.062     1165.836
     357.419        0.300       46.062     1165.836
     360.422        0.000       46.062     1165.836
     363.426        0.300       46.062     1165.836
     366.429        0.000       46.062     1165.836
     369.433        0.300       46.062     1165.836
     372.436        0.000       46.062     1165.836
     375.440        0.300       46.062     1165.836
     378.443        0.300       46.062     1165.836
     381.447        0.000       46.062     1165.836
     384.450        0.300       46.062     1165.836
     387.454        0.300       46.062     1165.836
     390.457        0.300       46.062     1165.836
     393.461        0.300       46.062     1165.836
     396.464        0.300       46.062     1165.836
     399.468        0.000       46.062     1165.836
     402.471        0.300       46.062     1165.836
     405.475        0.000       46.062     1165.836
     408.478        0.300       46.062     1165.836
     411.479        0.700       46.066     1165.836
     414.483        0.300       46.066     1165.836
     417.486        0.000       46.066     1165.836
     420.490        0.300       46.066     1165.836
     423.493        0.300       46.066     1165.836
     426.497        0.300       46.066     1165.836
     429.500        0.000       46.066     1165.836
     432.504        0.300       46.066     1165.836
     435.507        0.000       46.066     1165.836
     438.511        0.300       46.066     1165.836
     441.514        0.300       46.066     1165.836
     444.518        0.000       46.066     1165.836
     447.521        0.300       46.066     1165.836
     450.525        0.300       46.066     1165.836
     453.528        0.300       46.066     1165.836
     456.532        0.300       46.066     1165.836
     459.535        0.300       46.066     1165.836
     462.536        0.300       46.066     1165.836
     465.537        0.300       46.066     1165.836
     468.538        0.000       46.066     1165.836
     471.539        0.700       46.156     1165.836
     474.542        0.700       46.184     1165.836
     477.546        0.300       46.184     1165.836
     480.547        0.300       46.184     1165.836
     483.550        0.000       46.184     1165.836
     486.554        0.300       46.184     1165.836
     489.557        0.300       46.184     1165.836
     492.561        0.300       46.184     1165.836
     495.564        0.000       46.184     1165.836
     498.568        0.300       46.184     1165.836
     501.571        0.300       46.184     1165.836
     504.574        0.000       46.184     1165.836
     507.578        0.300       46.184     1165.836
     510.581        0.000       46.184     1165.836
     513.585        0.300       46.184     1165.836
     516.588        0.700       46.184     1165.836
     519.592        0.000       46.184     1165.836
     522.595        0.300       46.184     1165.836
     525.599        0.300       46.184     1165.836
     528.602        0.000       46.184     1165.836
     531.606        0.700       46.188     1165.836
     534.607        0.300       46.188     1165.836
     537.611        0.300       46.188     1165.836
     540.614        0.000       46.188     1165.836
     543.618        0.300       46.188     1165.836
     546.621        0.000       46.188     1165.836
     549.625        0.300       46.188     1165.836
     552.628        0.000       46.188     1165.836
     555.632        0.300       46.188     1165.836
     558.635        0.300       46.188     1165.836
     561.639        0.000       46.188     1165.836
     564.642        0.300       46.188     1165.836
     567.646        0.000       46.188     1165.836
     570.649        0.700       46.188     1165.836
     573.653        0.300       46.188     1165.836
     576.656        0.000       46.188     1165.836
     579.660        0.300       46.188     1165.836
     582.663        0.300       46.188     1165.836
     585.667        0.000       46.188     1165.836
     588.670        0.300       46.188     1165.836
     591.674        0.300       45.363     1165.836
     594.678        0.700       45.371     1165.836
     597.681        0.300       45.371     1165.836
     600.685        0.300       45.371     1165.836
     603.688        0.300       45.371     1165.836
     606.692        0.300       45.371     1165.836
     609.695        0.300       45.371     1165.836
     612.699        0.300       45.371     1165.836
     615.702        0.000       45.371     1165.836
     618.704        0.300       45.371     1165.836
     621.708        0.300       45.371     1165.836
     624.711        0.300       45.371     1165.836
     627.715        0.300       45.371     1165.836
     630.717        0.000       45.371     1165.836
     633.720        0.300       45.371     1165.836
     636.724        0.300       45.371     1165.836
     639.727        0.000       45.371     1165.836
     642.731        0.300       45.371     1165.836
     645.734        0.300       45.371     1165.836
     648.738        0.000       45.371     1165.836
     651.741        0.300       45.379     1165.836
     654.743        0.300       45.406     1165.836
     657.746        0.300       45.406     1165.836
     660.750        0.300       45.406     1165.836
     663.753        0.000       45.406     1165.836
     666.757        0.700       45.406     1165.836
     669.760        0.300       45.406     1165.836
     672.764        0.300       45.406     1165.836
     675.767        0.300       45.406     1165.836
     678.771        0.300       45.406     1165.836
     681.774        0.000       45.406     1165.836
     684.778        0.300       45.406     1165.836
     687.781        0.300       45.406     1165.836
     690.785        0.000       45.406     1165.836
     693.789        0.300       45.406     1165.836
     696.792        0.300       45.406     1165.836
     699.796        0.300       45.406     1165.836
     702.799        0.700       45.406     1165.836
     705.803        0.300       45.406     1165.836
     708.806        0.000       45.406     1165.836
     711.810        0.700       45.430     1165.836
     714.813        0.700       45.461     1165.836
     717.817        0.300       45.461     1165.836
     720.820        0.300       45.461     1165.836
     723.824        0.300       45.461     1165.836
     726.825        0.300       45.461     1165.836
     729.828        0.000       45.461     1165.836
     732.832        0.300       45.461     1165.836
     735.835        0.300       45.461     1165.836
     738.839        0.000       45.461     1165.836
     741.843        0.700       45.250     1165.836
     744.846        0.700       45.250     1165.836
     747.850        0.000       45.250     1165.836
     750.853        0.300       45.250     1165.836
     753.857        0.300       45.250     1165.836
     756.860        0.300       45.250     1165.836
     759.864        0.000       45.250     1165.836
     762.867        0.300       45.250     1165.836
     765.871        0.300       45.250     1165.836
     768.874        0.300       45.250     1165.836
     771.878        0.700       45.266     1165.836
     774.881        0.000       45.266     1165.836
     777.885        0.700       45.266     1165.836
     780.889        0.300       45.266     1165.836
     783.892        0.300       45.266     1165.836
     786.896        0.300       45.266     1165.836
     789.900        0.000       45.266     1165.836
     792.903        0.300       45.266     1165.836
     795.907        0.300       45.266     1165.836
     798.910        0.000       45.266     1165.836
     801.914        0.300       45.266     1165.836
     804.917        0.000       45.266     1165.836
     807.921        0.300       45.266     1165.836
     810.921        0.300       45.266     1165.836
     813.925        0.700       45.266     1165.836
     816.928        0.000       45.266     1165.836
     819.931        0.300       45.266     1165.836
     822.935        0.300       45.266     1165.836
     825.935        0.000       45.266     1165.836
     828.939        0.300       45.266     1165.836
     831.942        0.700       45.426     1165.836
     834.946        0.700       45.426     1165.836
     837.949        0.300       45.426     1165.836
     840.953        0.000       45.426     1165.836
     843.956        0.300       45.426     1165.836
     846.960        0.300       45.426     1165.836
     849.963        0.300       45.426     1165.836
     852.965        0.300       45.426     1165.836
     855.968        0.300       45.426     1165.836
     858.971        0.000       45.426     1165.836
     861.975        0.300       45.426     1165.836
     864.978        0.300       45.426     1165.836
     867.982        0.000       45.426     1165.836
     870.986        0.300       45.426     1165.836
     873.989        0.300       45.426     1165.836
     876.993        0.000       45.426     1165.836
     879.996        0.300       45.426     1165.836
     883.000        0.300       45.426     1165.836
     886.003        0.300       45.426     1165.836
     889.007        0.300       45.426     1165.836
     892.009        0.300       45.504     1165.836
     895.012        0.300       45.504     1165.836
     898.013        0.300       45.504     1165.836
     901.016        0.000       45.504     1165.836
     904.020        0.300       45.504     1165.836
     907.023        0.300       45.504     1165.836
     910.027        0.000       45.504     1165.836
     913.030        0.300       45.504     1165.836
     916.034        0.000       45.504     1165.836
     919.037        0.700       45.504     1165.836
     922.041        0.300       45.504     1165.836
     925.044        0.000       45.504     1165.836
     928.048        0.300       45.504     1165.836
     931.051        0.300       45.504     1165.836
     934.055        0.000       45.504     1165.836
     937.058        0.300       45.504     1165.836
     940.062        0.300       45.504     1165.836
     943.065        0.000       45.504     1165.836
     946.069        0.300       45.504     1165.836
     949.072        0.300       45.504     1165.836
     952.076        0.700       45.508     1165.836
     955.079        0.700       45.508     1165.836
     958.083        0.000       45.508     1165.836
     961.086        0.700       45.508     1165.836
     964.090        0.000       45.508     1165.836
     967.093        0.300       45.508     1165.836
     970.097        0.300       45.508     1165.836
     973.100        0.300       45.508     1165.836
     976.104        0.000       45.508     1165.836
     979.107        0.300       45.508     1165.836
     982.111        0.300       45.508     1165.836
     985.114        0.000       45.508     1165.836
     988.118        0.300       45.508     1165.836
     991.121        0.000       45.508     1165.836
     994.125        0.700       45.508     1165.836
     997.128        0.300       45.508     1165.836
    1000.132        0.300       45.508     1165.836
    1003.133        0.000       45.508     1165.836
    1006.136        0.300       45.508     1165.836
    1009.140        0.000       45.508     1165.836
    1012.143        0.700       45.520     1165.836
    1015.147        0.300       45.520     1165.836
    1018.150        0.300       45.520     1165.836
    1021.154        0.000       45.520     1165.836
    1024.157        0.300       45.520     1165.836
    1027.161        0.300       45.520     1165.836
    1030.164        0.000       45.520     1165.836
    1033.167        0.700       45.520     1165.836
    1036.170        0.300       45.520     1165.836
    1039.174        0.000       45.520     1165.836
    1042.177        0.300       45.520     1165.836
    1045.181        0.300       45.520     1165.836
    1048.184        0.000       45.520     1165.836
    1051.188        0.300       45.520     1165.836
    1054.191        0.300       45.520     1165.836
    1057.195        0.000       45.520     1165.836
    1060.198        0.300       45.520     1165.836
    1063.202        0.000       45.520     1165.836
    1066.205        0.300       45.520     1165.836
    1069.209        0.700       45.520     1165.836
    1072.212        0.300       45.520     1165.836
    1075.216        0.700       45.520     1165.836
    1078.219        0.300       45.520     1165.836
    1081.223        0.000       45.520     1165.836
    1084.226        0.300       45.520     1165.836
    1087.230        0.300       45.520     1165.836
    1090.233        0.000       45.520     1165.836
    1093.237        0.300       45.520     1165.836
    1096.240        0.000       45.520     1165.836
    1099.244        0.300       45.520     1165.836
    1102.247        0.000       45.520     1165.836
    1105.251        0.700       45.520     1165.836
    1108.254        0.000       45.520     1165.836
    1111.258        0.300       45.520     1165.836
    1114.261        0.300       45.520     1165.836
    1117.265        0.000       45.520     1165.836
    1120.268        0.300       45.520     1165.836
    1123.272        0.000       45.520     1165.836
    1126.275        0.000       45.520     1165.836
    1129.279        0.300       45.520     1165.836
    1132.282        0.700       45.551     1165.836
    1135.286        0.000       45.551     1165.836
    1138.289        0.300       45.551     1165.836
    1141.293        0.300       45.551     1165.836
    1144.296        0.000       45.551     1165.836
    1147.300        0.300       45.551     1165.836
    1150.303        0.300       45.551     1165.836
    1153.307        0.300       45.551     1165.836
    1156.310        0.300       45.551     1165.836
    1159.314        0.300       45.551     1165.836
    1162.317        0.300       45.551     1165.836
    1165.321        0.300       45.551     1165.836
    1168.324        0.000       45.551     1165.836
    1171.328        0.300       45.551     1165.836
    1174.331        0.000       45.551     1165.836
    1177.335        0.300       45.551     1165.836
    1180.338        0.000       45.551     1165.836
    1183.342        0.300       45.551     1165.836
    1186.346        0.300       45.551     1165.836
    1189.349        0.000       45.551     1165.836
    1192.353        1.000       45.156     1165.836
    1195.356        0.300       45.156     1165.836
    1198.360        0.700       45.156     1165.836
    1201.363        0.300       45.156     1165.836
    1204.367        0.000       45.156     1165.836
    1207.370        0.300       45.156     1165.836
    1210.374        0.000       45.156     1165.836
    1213.377        0.300       45.156     1165.836
    1216.381        0.000       45.156     1165.836
    1219.384        0.300       45.156     1165.836
    1222.388        0.700       45.156     1165.836
    1225.391        0.300       45.156     1165.836
    1228.395        0.000       45.156     1165.836
    1231.398        0.300       45.156     1165.836
    1234.402        0.300       45.156     1165.836
    1237.405        0.300       45.156     1165.836
    1240.409        0.000       45.156     1165.836
    1243.412        0.300       45.156     1165.836
    1246.416        0.000       45.156     1165.836
    1249.419        0.700       45.156     1165.836
    1252.423        0.300       45.238     1165.836
    1255.426        0.300       45.238     1165.836
    1258.429        0.300       45.238     1165.836
    1261.432        0.000       45.238     1165.836
    1264.435        0.700       45.238     1165.836
    1267.439        0.300       45.238     1165.836
    1270.442        0.000       45.238     1165.836
    1273.446        0.300       45.238     1165.836
    1276.449        0.300       45.238     1165.836
    1279.453        0.000       45.238     1165.836
    1282.456        0.300       45.238     1165.836
    1285.460        0.300       45.238     1165.836
    1288.463        0.300       45.238     1165.836
    1291.467        0.300       45.238     1165.836
    1294.470        0.300       45.238     1165.836
    1297.473        0.300       45.238     1165.836
    1300.477        0.000       45.238     1165.836
    1303.480        0.300       45.238     1165.836
    1306.483        0.000       45.238     1165.836
    1309.487        0.300       45.238     1165.836
    1312.489        0.700       45.242     1165.836
    1315.492        0.300       45.242     1173.840
    1318.493        0.300       45.242     1173.840
    1321.496        0.300       45.242     1173.840
    1324.500        0.000       45.242     1173.840
    1327.503        0.000       45.242     1173.840
    1330.507        0.300       45.242     1173.840
    1333.510        0.300       45.242     1173.840
    1336.514        0.300       45.242     1173.840
    1339.517        0.300       45.242     1173.840
    1342.521        0.000       45.242     1173.840
    1345.524        0.300       45.242     1173.840
    1348.528        0.300       45.242     1173.840
    1351.531        0.000       45.242     1173.840
    1354.535        0.300       45.242     1173.840
    1357.538        0.000       45.242     1173.840
    1360.541        0.300       45.242     1173.840
    1363.545        0.700       45.242     1173.840
    1366.549        0.000       45.242     1173.840
    1369.552        0.300       45.242     1173.840
    1372.556        0.300       45.242     1173.840
    1375.559        0.300       45.242     1173.840
    1378.563        0.300       45.242     1173.840
    1381.566        0.000       45.242     1173.840
    1384.570        0.300       45.242     1173.840
    1387.573        0.700       45.242     1173.840
    1390.577        0.000       45.242     1173.840
    1393.580        0.300       45.242     1173.840
    1396.584        0.300       45.242     1173.840
    1399.588        0.000       45.242     1173.840
    1402.591        0.300       45.242     1173.840
    1405.595        0.000       45.242     1173.840
    1408.598        0.300       45.242     1173.840
    1411.602        0.300       45.242     1173.840
    1414.605        0.300       45.242     1173.840
    1417.609        0.300       45.242     1173.840
    1420.612        0.300       45.242     1173.840
    1423.616        0.000       45.242     1173.840
    1426.619        0.300       45.242     1173.840
    1429.623        0.000       45.242     1173.840
    1432.626        0.700       45.328     1173.840
    1435.630        0.700       45.328     1173.840
    1438.633        0.300       45.328     1173.840
    1441.637        0.300       45.328     1173.840
    1444.640        0.000       45.328     1173.840
    1447.644        0.300       45.328     1173.840
    1450.647        0.300       45.328     1173.840
    1453.651        0.000       45.328     1173.840
    1456.654        0.300       45.328     1173.840
    1459.658        0.300       45.328     1173.840
    1462.661        0.000       45.328     1173.840
    1465.665        0.700       45.328     1173.840
    1468.668        0.000       45.328     1173.840
    1471.672        0.300       45.328     1173.840
    1474.675        0.000       45.328     1173.840
    1477.679        0.700       45.328     1173.840
    1480.682        0.000       45.328     1173.840
    1483.686        0.300       45.328     1173.840
    1486.689        0.000       45.328     1173.840
    1489.693        0.300       45.328     1173.840
    1492.696        1.000       45.535     1173.840
    1495.700        0.000       45.535     1173.840
    1498.703        0.000       45.535     1173.840
    1501.707        0.300       45.535     1173.840
    1504.710        0.300       45.535     1173.840
    1507.714        0.000       45.535     1173.840
    1510.717        0.300       45.535     1173.840
    1513.721        0.700       45.535     1173.840
    1516.724        0.300       45.535     1173.840
    1519.728        0.000       45.535     1173.840
    1522.731        0.300       45.535     1173.840
    1525.735        0.300       45.535     1173.840
    1528.738        0.000       45.535     1173.840
    1531.742        0.300       45.535     1173.840
    1534.743        0.300       45.535     1173.840
    1537.747        0.000       45.535     1173.840
    1540.750        0.700       45.535     1173.840
    1543.754        0.300       45.535     1173.840
    1546.757        0.300       45.535     1173.840
    1549.761        0.000       45.535     1173.840
    1552.764        0.700       45.629     1173.840
    1555.768        0.700       45.629     1173.840
    1558.771        0.300       45.629     1173.840
    1561.775        0.300       45.629     1173.840
    1564.778        0.300       45.629     1173.840
    1567.782        0.000       45.629     1173.840
    1570.785        0.700       45.629     1173.840
    1573.789        0.300       45.629     1173.840
    1576.792        0.000       45.629     1173.840
    1579.796        0.300       45.629     1173.840
    1582.800        0.300       45.629     1173.840
    1585.803        0.300       45.629     1173.840
    1588.807        0.300       45.629     1173.840
    1591.810        0.300       45.629     1173.840
    1594.814        0.300       45.629     1173.840
    1597.817        0.300       45.629     1173.840
    1600.821        0.000       45.629     1173.840
    1603.824        0.300       45.629     1173.840
    1606.828        0.300       45.629     1173.840
    1609.831        0.300       45.629     1173.840
    1612.834        0.700       45.645     1173.840
    1615.835        0.700       45.645     1173.840
    1618.836        0.000       45.645     1173.840
    1621.837        0.300       45.645     1173.840
    1624.837        0.300       45.645     1173.840
    1627.841        0.700       45.645     1173.840
    1630.844        0.000       45.645     1173.840
    1633.848        0.300       45.645     1173.840
    1636.851        0.300       45.645     1173.840
    1639.855        0.000       45.645     1173.840
    1642.858        0.300       45.645     1173.840
    1645.862        0.300       45.645     1173.840
    1648.865        0.300       45.645     1173.840
    1651.869        0.700       45.645     1173.840
    1654.873        0.000       45.645     1173.840
    1657.876        0.300       45.645     1173.840
    1660.880        0.300       45.645     1173.840
    1663.883        0.300       45.645     1173.840
    1666.887        0.000       45.645     1173.840
    1669.890        0.300       45.645     1173.840
    1672.894        0.700       45.750     1173.840
    1675.897        0.300       45.750     1173.840
    1678.901        0.300       45.750     1173.840
    1681.904        0.700       45.750     1173.840
    1684.908        0.700       45.750     1173.840
    1687.912        0.300       45.750     1173.840
    1690.915        0.300       45.750     1173.840
    1693.919        0.000       45.750     1173.840
    1696.922        0.300       45.750     1173.840
    1699.926        0.000       45.750     1173.840
    1702.929        0.300       45.750     1173.840
    1705.933        0.000       45.750     1173.840
    1708.936        0.300       45.750     1173.840
    1711.940        0.700       45.750     1173.840
    1714.943        0.000       45.750     1173.840
    1717.947        0.300       45.750     1173.840
    1720.950        0.300       45.750     1173.840
    1723.954        0.000       45.750     1173.840
    1726.957        0.300       45.750     1173.840
    1729.961        0.000       45.750     1173.840
    1732.964        1.000       45.758     1173.840
    1735.968        0.300       45.758     1173.840
    1738.971        0.000       45.758     1173.840
    1741.975        0.000       45.758     1173.840
    1744.978        0.700       45.758     1173.840
    1747.982        0.000       45.758     1173.840
    1750.985        0.300       45.758     1173.840
    1753.989        0.300       45.758     1173.840
    1756.992        0.300       45.758     1173.840
    1759.996        0.000       45.758     1173.840
    1762.999        0.300       45.758     1173.840
    1766.003        0.700       45.758     1173.840
    1769.006        0.300       45.758     1173.840
    1772.010        0.000       45.758     1173.840
    1775.013        0.300       45.758     1173.840
    1778.017        0.300       45.758     1173.840
    1781.020        0.300       45.758     1173.840
    1784.024        0.000       45.758     1173.840
    1787.027        0.300       45.758     1173.840
    1790.031        0.700       45.758     1173.840
    1793.034        0.300       45.758     1173.840
    1796.038        0.700       45.758     1173.840
    1799.041        0.300       45.758     1173.840
    1802.045        0.300       45.758     1173.840
    1805.049        0.300       45.758     1173.840
    1808.052        0.000       45.758     1173.840
    1811.056        0.300       45.758     1173.840
    1814.059        0.000       45.758     1173.840
    1817.063        0.300       45.758     1173.840
    1820.066        0.000       45.758     1173.840
    1823.070        0.300       45.758     1173.840
    1826.073        0.300       45.758     1173.840
    1829.077        0.300       45.758     1173.840
    1832.079        0.000       45.758     1173.840
    1835.082        0.300       45.758     1173.840
    1838.086        0.300       45.758     1173.840
    1841.089        0.000       45.758     1173.840
    1844.093        0.300       45.758     1173.840
    1847.096        0.300       45.758     1173.840
    1850.100        0.000       45.758     1173.840
    1853.103        0.700       45.766     1173.840
    1856.107        0.300       45.766     1173.840
    1859.110        0.000       45.766     1173.840
    1862.114        0.700       45.766     1173.840
    1865.117        0.300       45.766     1173.840
    1868.121        0.300       45.766     1173.840
    1871.124        0.000       45.766     1173.840
    1874.128        0.300       45.766     1173.840
    1877.131        0.300       45.766     1173.840
    1880.135        0.000       45.766     1173.840
    1883.138        0.300       45.766     1173.840
    1886.141        0.700       45.766     1173.840
    1889.144        0.000       45.766     1173.840
    1892.148        0.300       45.766     1173.840
    1895.151        0.300       45.766     1173.840
    1898.155        0.000       45.766     1173.840
    1901.158        0.700       45.766     1173.840
    1904.162        0.000       45.766     1173.840
    1907.165        0.300       45.766     1173.840
    1910.169        0.000       45.766     1173.840
    1913.172        1.000       45.770     1173.840
    1916.176        0.700       45.770     1173.840
    1919.179        0.000       45.770     1173.840
    1922.183        0.300       45.770     1173.840
    1925.186        0.300       45.770     1173.840
    1928.189        0.000       45.770     1173.840
    1931.192        0.000       45.770     1173.840
    1934.196        0.300       45.770     1173.840
    1937.199        0.300       45.770     1173.840
    1940.203        0.300       45.770     1173.840
    1943.206        0.300       45.770     1173.840
    1946.209        0.300       45.770     1173.840
    1949.213        0.000       45.770     1173.840
    1952.216        0.300       45.770     1173.840
    1955.220        0.300       45.770     1173.840
    1958.223        0.000       45.770     1173.840
    1961.227        0.300       45.770     1173.840
    1964.231        0.700       45.770     1173.840
    1967.234        0.000       45.770     1173.840
    1970.238        0.300       45.770     1173.840
    1973.241        0.700       45.777     1173.840
    1976.245        0.000       45.777     1173.840
    1979.248        0.300       45.777     1173.840
    1982.252        0.300       45.777     1173.840
    1985.255        0.300       45.777     1173.840
    1988.259        0.300       45.777     1173.840
    1991.262        0.300       45.777     1173.840
    1994.266        0.300       45.777     1173.840
    1997.269        0.300       45.777     1173.840
    2000.273        0.000       45.777     1173.840
    2003.276        0.300       45.777     1173.840
    2006.280        0.300       45.777     1173.840
    2009.283        0.300       45.777     1173.840
    2012.287        0.000       45.777     1173.840
    2015.290        0.300       45.777     1173.840
    2018.294        0.700       45.777     1173.840
    2021.297        0.000       45.777     1173.840
    2024.301        0.300       45.777     1173.840
    2027.304        0.000       45.777     1173.840
    2030.308        0.700       45.777     1173.840
    2033.311        0.700       45.785     1173.840
    2036.315        0.700       45.785     1173.840
    2039.319        0.000       45.785     1173.840
    2042.322        0.300       45.785     1173.840
    2045.326        0.000       45.785     1173.840
    2048.329        0.300       45.785     1173.840
    2051.333        0.300       45.785     1173.840
    2054.336        0.300       45.785     1173.840
    2057.340        0.300       45.785     1173.840
    2060.340        0.000       45.785     1173.840
    2063.341        0.300       45.785     1173.840
    2066.344        0.000       45.785     1173.840
    2069.348        0.300       45.785     1173.840
    2072.351        0.300       45.785     1173.840
    2075.355        0.000       45.785     1173.840
    2078.359        0.300       45.785     1173.840
    2081.362        0.300       45.785     1173.840
    2084.366        0.300       45.785     1173.840
    2087.369        0.300       45.785     1173.840
    2090.373        0.000       45.785     1173.840
    2093.376        1.000       45.785     1173.840
    2096.380        0.000       45.785     1173.840
    2099.383        0.300       45.785     1173.840
    2102.387        0.300       45.785     1173.840
    2105.390        0.000       45.785     1173.840
    2108.394        0.300       45.785     1173.840
    2111.397        0.000       45.785     1173.840
    2114.401        0.700       45.785     1173.840
    2117.404        0.000       45.785     1173.840
    2120.408        0.300       45.785     1173.840
    2123.411        0.300       45.785     1173.840
    2126.415        0.000       45.785     1173.840
    2129.418        0.300       45.785     1173.840
    2132.422        0.300       45.785     1173.840
    2135.425        0.000       45.785     1173.840
    2138.429        0.300       45.785     1173.840
    2141.432        0.300       45.785     1173.840
    2144.436        0.300       45.785     1173.840
    2147.439        0.000       45.785     1173.840
    2150.443        0.300       45.785     1173.840
    2153.446        0.300       45.785     1173.840
    2156.450        0.700       45.785     1173.840
    2159.453        0.300       45.785     1173.840
    2162.457        0.000       45.785     1173.840
    2165.460        0.300       45.785     1173.840
    2168.464        0.300       45.785     1173.840
    2171.467        0.000       45.785     1173.840
    2174.470        0.700       45.785     1173.840
    2177.473        0.000       45.785     1173.840
    2180.477        0.300       45.785     1173.840
    2183.480        0.300       45.785     1173.840
    2186.484        0.000       45.785     1173.840
    2189.487        0.300       45.785     1173.840
    2192.491        0.000       45.785     1173.840
    2195.494        0.300       45.785     1173.840
    2198.498        0.700       45.785     1173.840
    2201.501        0.300       45.785     1173.840
    2204.505        0.000       45.785     1173.840
    2207.508        0.300       45.785     1173.840
    2210.512        0.300       45.785     1173.840
    2213.515        0.700       45.785     1173.840
    2216.519        0.000       45.785     1173.840
    2219.522        0.300       45.785     1173.840
    2222.526        0.300       45.785     1173.840
    2225.529        0.000       45.785     1173.840
    2228.533        0.300       45.785     1173.840
    2231.536        0.000       45.785     1173.840
    2234.540        0.700       45.785     1173.840
    2237.543        0.300       45.785     1173.840
    2240.547        0.000       45.785     1173.840
    2243.549        0.300       45.785     1173.840
    2246.552        0.000       45.785     1173.840
    2249.556        0.300       45.785     1173.840
    2252.559        0.000       45.785     1173.840
    2255.563        0.300       45.785     1173.840
    2258.566        0.300       45.785     1173.840
    2261.570        0.300       45.785     1173.840
    2264.573        0.300       45.785     1173.840
    2267.577        0.000       45.785     1173.840
    2270.580        0.700       45.785     1173.840
    2273.584        0.300       45.793     1173.840
    2276.587        0.700       45.793     1173.840
    2279.591        0.000       45.793     1173.840
    2282.594        0.300       45.793     1173.840
    2285.598        0.300       45.793     1173.840
    2288.600        0.300       45.793     1173.840
    2291.604        0.300       45.793     1173.840
    2294.607        0.000       45.793     1173.840
    2297.611        0.300       45.793     1173.840
    2300.614        0.000       45.793     1173.840
    2303.618        0.300       45.793     1173.840
    2306.621        0.300       45.793     1173.840
    2309.625        0.000       45.793     1173.840
    2312.628        0.300       45.793     1173.840
    2315.632        0.000       45.793     1173.840
    2318.635        0.700       45.793     1173.840
    2321.639        0.300       45.793     1173.840
    2324.642        0.000       45.793     1173.840
    2327.646        0.300       45.793     1173.840
    2330.649        0.300       45.793     1173.840
    2333.653        0.300       45.793     1173.840
    2336.656        0.300       45.793     1173.840
    2339.660        0.000       45.793     1173.840
    2342.663        0.300       45.793     1173.840
    2345.667        0.300       45.793     1173.840
    2348.671        0.300       45.793     1173.840
    2351.674        0.300       45.793     1173.840
    2354.678        0.300       45.793     1173.840
    2357.681        0.300       45.793     1173.840
    2360.685        0.000       45.793     1173.840
    2363.688        0.300       45.793     1173.840
    2366.692        0.300       45.793     1173.840
    2369.695        0.700       45.793     1173.840
    2372.699        0.000       45.793     1173.840
    2375.702        0.700       45.793     1173.840
    2378.706        0.000       45.793     1173.840
    2381.709        0.300       45.793     1173.840
    2384.713        0.300       45.793     1173.840
    2387.717        0.700       45.793     1173.840
    2390.720        0.300       45.801     1173.840
    2393.724        0.300       45.570     1173.840
    2396.727        1.000       45.570     1173.840
    2399.731        0.300       45.570     1173.840
    2402.732        0.300       45.570     1173.840
    2405.736        0.300       45.570     1173.840
    2408.740        0.000       45.570     1173.840
    2411.743        0.300       45.570     1173.840
    2414.746        0.300       45.570     1173.840
    2417.750        0.000       45.570     1173.840
    2420.753        0.300       45.570     1173.840
    2423.757        0.300       45.570     1173.840
    2426.760        0.700       45.570     1173.840
    2429.764        0.000       45.570     1173.840
    2432.767        0.300       45.570     1173.840
    2435.771        0.300       45.570     1173.840
    2438.775        0.000       45.570     1173.840
    2441.778        0.300       45.570     1173.840
    2444.782        0.300       45.570     1173.840
    2447.785        0.300       45.570     1173.840
    2450.789        0.700       45.578     1173.840
    2453.792        0.300       45.582     1173.840
    2456.796        0.300       45.582     1173.840
    2459.799        0.000       45.582     1173.840
    2462.803        0.300       45.582     1173.840
    2465.806        0.300       45.582     1173.840
    2468.809        0.000       45.582     1173.840
    2471.813        0.300       45.582     1173.840
    2474.816        0.300       45.582     1173.840
    2477.820        0.000       45.582     1173.840
    2480.823        0.300       45.582     1173.840
    2483.827        0.700       45.582     1173.840
    2486.830        0.300       45.582     1173.840
    2489.834        0.300       45.582     1173.840
    2492.837        0.000       45.582     1173.840
    2495.841        0.300       45.582     1173.840
    2498.844        0.300       45.582     1173.840
    2501.848        0.000       45.582     1173.840
    2504.851        0.700       45.582     1173.840
    2507.855        0.300       45.582     1173.840
    2510.859        0.300       45.582     1173.840
    2513.862        0.700       45.586     1173.840
    2516.865        0.700       45.586     1173.840
    2519.868        0.300       45.586     1173.840
    2522.872        0.300       45.586     1173.840
    2525.875        0.300       45.586     1173.840
    2528.879        0.300       45.586     1173.840
    2531.882        0.000       45.586     1173.840
    2534.886        0.300       45.586     1173.840
    2537.889        0.000       45.586     1173.840
    2540.893        0.300       45.586     1173.840
    2543.896        0.300       45.586     1173.840
    2546.900        0.300       45.586     1173.840
    2549.903        0.300       45.586     1173.840
    2552.907        0.000       45.586     1173.840
    2555.910        0.300       45.586     1173.840
    2558.914        0.300       45.586     1173.840
    2561.917        0.000       45.586     1173.840
    2564.921        0.300       45.586     1173.840
    2567.924        0.000       45.586     1173.840
    2570.928        0.700       45.586     1173.840
    2573.931        0.300       45.590     1173.840
    2576.935        0.300       45.590     1173.840
    2579.938        0.300       45.590     1173.840
    2582.942        0.300       45.590     1173.840
    2585.946        0.300       45.590     1173.840
    2588.949        0.000       45.590     1173.840
    2591.953        0.300       45.590     1173.840
    2594.956        0.000       45.590     1173.840
    2597.960        0.300       45.590     1173.840
    2600.963        0.700       45.590     1173.840
    2603.965        0.000       45.590     1173.840
    2606.968        0.300       45.590     1173.840
    2609.971        0.300       45.590     1173.840
    2612.975        0.000       45.590     1173.840
    2615.978        0.300       45.590     1173.840
    2618.982        0.000       45.590     1173.840
    2621.985        0.300       45.590     1173.840
    2624.989        0.700       45.590     1173.840
    2627.992        0.300       45.590     1173.840
    2630.995        0.300       45.590     1173.840
    2633.999        0.300       45.590     1173.840
    2637.001        0.300       45.590     1173.840
    2640.004        0.700       45.590     1173.840
    2643.005        0.000       45.590     1173.840
    2646.008        0.300       45.590     1173.840
    2649.011        0.000       45.590     1173.840
    2652.015        0.300       45.590     1173.840
    2655.018        0.300       45.590     1173.840
    2658.022        0.000       45.590     1173.840
    2661.025        0.300       45.590     1173.840
    2664.029        0.700       45.590     1173.840
    2667.032        0.000       45.590     1173.840
    2670.036        0.300       45.590     1173.840
    2673.039        0.300       45.590     1173.840
    2676.043        0.000       45.590     1173.840
    2679.046        0.300       45.590     1173.840
    2682.050        0.000       45.590     1173.840
    2685.053        0.300       45.590     1173.840
    2688.057        0.700       45.590     1173.840
    2691.060        0.300       45.629     1173.840
    2694.064        0.000       45.629     1173.840
    2697.067        0.300       45.629     1173.840
    2700.071        0.700       45.629     1173.840
    2703.074        0.000       45.629     1173.840
    2706.078        0.300       45.629     1173.840
    2709.081        0.000       45.629     1173.840
    2712.085        0.300       45.629     1173.840
    2715.088        0.300       45.629     1173.840
    2718.092        0.000       45.629     1173.840
    2721.095        0.300       45.629     1173.840
    2724.099        0.300       45.629     1173.840
    2727.102        0.300       45.629     1173.840
    2730.106        0.000       45.629     1173.840
    2733.109        0.300       45.629     1173.840
    2736.113        0.000       45.629     1173.840
    2739.117        0.000       45.629     1173.840
    2742.120        0.300       45.629     1173.840
    2745.124        0.300       45.629     1173.840
    2748.127        0.000       45.629     1173.840
    2751.130        0.700       45.629     1173.840
    2754.133        0.300       45.629     1173.840
    2757.136        0.700       45.629     1173.840
    2760.138        0.300       45.629     1173.840
    2763.138        0.300       45.629     1173.840
    2766.139        0.300       45.629     1173.840
    2769.142        0.300       45.629     1173.840
    2772.146        0.000       45.629     1173.840
    2775.149        0.300       45.629     1173.840
    2778.153        0.000       45.629     1173.840
    2781.156        0.300       45.629     1173.840
    2784.160        0.700       45.629     1173.840
    2787.163        0.000       45.629     1173.840
    2790.167        0.300       45.629     1173.840
    2793.171        0.000       45.629     1173.840
    2796.174        0.300       45.629     1173.840
    2799.178        0.300       45.629     1173.840
    2802.181        0.000       45.629     1173.840
    2805.185        0.300       45.629     1173.840
    2808.188        0.000       45.629     1173.840
    2811.192        1.000       45.648     1173.840
    2814.195        0.300       45.648     1173.840
    2817.199        0.000       45.648     1173.840
    2820.202        0.300       45.648     1173.840
    2823.206        0.300       45.648     1173.840
    2826.209        0.300       45.648     1173.840
    2829.213        0.000       45.648     1173.840
    2832.216        0.300       45.648     1173.840
    2835.220        0.000       45.648     1173.840
    2838.223        0.300       45.648     1173.840
    2841.227        0.700       45.648     1173.840
    2844.230        0.000       45.648     1173.840
    2847.234        0.300       45.648     1173.840
    2850.237        0.000       45.648     1173.840
    2853.241        0.300       45.648     1173.840
    2856.244        0.300       45.648     1173.840
    2859.248        0.000       45.648     1173.840
    2862.251        0.300       45.648     1173.840
    2865.255        0.000       45.648     1173.840
    2868.258        0.700       45.648     1173.840
    2871.261        0.000       45.648     1173.840
    2874.264        1.000       45.656     1173.840
    2877.267        0.300       45.656     1173.840
    2880.271        0.300       45.656     1173.840
    2883.274        0.000       45.656     1173.840
    2886.278        0.700       45.656     1173.840
    2889.281        0.000       45.656     1173.840
    2892.285        0.300       45.656     1173.840
    2895.288        0.300       45.656     1173.840
    2898.292        0.300       45.656     1173.840
    2901.295        0.300       45.656     1173.840
    2904.299        0.000       45.656     1173.840
    2907.302        0.700       45.656     1173.840
    2910.306        0.000       45.656     1173.840
    2913.309        0.300       45.656     1173.840
    2916.313        0.000       45.656     1173.840
    2919.316        0.300       45.656     1173.840
    2922.320        0.000       45.656     1173.840
    2925.323        0.300       45.656     1173.840
    2928.327        0.300       45.656     1173.840
    2931.330        6.700       45.656     1173.840
    2934.334        0.300       45.656     1173.840
    2937.338        0.300       45.656     1173.840
    2940.340        0.000       45.656     1173.840
    2943.343        0.300       45.656     1173.840
    2946.347        0.300       45.656     1173.840
    2949.351        0.300       45.656     1173.840
    2952.354        0.300       45.656     1173.840
    2955.358        0.000       45.656     1173.840
    2958.361        0.300       45.656     1173.840
    2961.365        0.300       45.656     1173.840
    2964.368        0.300       45.656     1173.840
    2967.372        0.000       45.656     1173.840
    2970.375        0.300       45.656     1173.840
    2973.379        0.300       45.656     1173.840
    2976.382        0.300       45.656     1173.840
    2979.386        0.300       45.656     1173.840
    2982.389        0.300       45.656     1173.840
    2985.393        0.000       45.656     1173.840
    2988.396        0.300       45.656     1173.840
    2991.400        0.700       46.250     1173.840
    2994.403        0.700       46.422     1173.840
    2997.407        0.300       46.422     1173.840
    3000.411        0.300       46.422     1173.840
    3003.414        0.300       46.422     1173.840
    3006.418        0.300       46.422     1173.840
    3009.421        0.000       46.422     1173.840
    3012.425        0.300       46.422     1173.840
    3015.428        0.300       46.422     1173.840
    3018.432        0.300       46.422     1173.840
    3021.436        0.300       46.422     1173.840
    3024.439        0.000       46.422     1173.840
    3027.443        0.300       46.422     1173.840
    3030.446        0.300       46.422     1173.840
    3033.450        0.000       46.422     1173.840
    3036.453        0.300       46.422     1173.840
    3039.457        0.300       46.422     1173.840
    3042.460        0.300       46.422     1173.840
    3045.464        0.000       46.422     1173.840
    3048.467        0.300       46.422     1173.840
    3051.471        0.300       46.484     1173.840
    3054.474        0.300       46.559     1173.840
    3057.478        0.300       46.559     1173.840
    3060.481        0.300       46.559     1173.840
    3063.485        0.000       46.559     1173.840
    3066.489        0.300       46.559     1173.840
    3069.492        0.300       46.559     1173.840
    3072.496        0.000       46.559     1173.840
    3075.499        0.300       46.559     1173.840
    3078.503        0.300       46.559     1173.840
    3081.506        0.300       46.559     1173.840
    3084.510        0.300       46.559     1173.840
    3087.513        0.300       46.559     1173.840
    3090.517        0.000       46.559     1173.840
    3093.520        0.300       46.559     1173.840
    3096.524        0.300       46.559     1173.840
    3099.527        0.000       46.559     1173.840
    3102.531        0.700       46.559     1173.840
    3105.534        0.000       46.559     1173.840
    3108.538        0.300       46.559     1173.840
    3111.541        0.300       46.750     1173.840
    3114.545        0.700       46.766     1173.840
    3117.548        0.300       46.766     1173.840
    3120.552        0.000       46.766     1173.840
    3123.555        0.300       46.766     1173.840
    3126.559        0.300       46.766     1173.840
    3129.562        0.000       46.766     1173.840
    3132.566        0.300       46.766     1173.840
    3135.569        0.700       46.766     1173.840
    3138.573        0.000       46.766     1173.840
    3141.577        0.300       46.766     1173.840
    3144.580        0.300       46.766     1173.840
    3147.584        0.000       46.766     1173.840
    3150.587        0.300       46.766     1173.840
    3153.591        0.000       46.766     1173.840
    3156.594        0.300       46.766     1173.840
    3159.598        0.700       46.766     1173.840
    3162.601        0.300       46.766     1173.840
    3165.605        0.000       46.766     1173.840
    3168.608        0.300       46.766     1173.840
    3171.612        0.300       46.770     1173.840
    3174.615        0.300       46.770     1173.840
    3177.619        0.300       46.770     1173.840
    3180.622        0.300       46.770     1173.840
    3183.626        0.000       46.770     1173.840
    3186.629        0.700       46.770     1173.840
    3189.633        0.000       46.770     1173.840
    3192.636        0.300       46.770     1173.840
    3195.640        0.300       46.770     1173.840
    3198.643        0.000       46.770     1173.840
    3201.645        0.000       46.770     1173.840
    3204.649        0.300       46.770     1173.840
    3207.652        0.300       46.770     1173.840
    3210.656        0.000       46.770     1173.840
    3213.659        0.700       46.770     1173.840
    3216.663        0.300       46.770     1173.840
    3219.666        0.000       46.770     1173.840
    3222.670        0.300       46.770     1173.840
    3225.673        0.300       46.770     1173.840
    3228.677        0.300       46.770     1173.840
    3231.681        0.300       46.770     1173.840
    3234.684        1.000       46.832     1173.840
    3237.688        0.000       46.832     1173.840
    3240.691        0.300       46.832     1173.840
    3243.695        0.300       46.832     1173.840
    3246.698        0.300       46.832     1173.840
    3249.702        0.300       46.832     1173.840
    3252.706        0.300       46.832     1173.840
    3255.709        0.000       46.832     1173.840
    3258.713        0.300       46.832     1173.840
    3261.716        0.700       46.832     1173.840
    3264.720        0.000       46.832     1173.840
    3267.723        0.300       46.832     1173.840
    3270.727        0.300       46.832     1173.840
    3273.730        0.300       46.832     1173.840
    3276.733        0.000       46.832     1173.840
    3279.736        0.300       46.832     1173.840
    3282.740        0.000       46.832     1173.840
    3285.743        0.700       46.832     1173.840
    3288.747        0.300       46.832     1173.840
    3291.750        0.300       46.855     1173.840
    3294.754        1.000       46.855     1173.840
    3297.757        0.000       46.855     1173.840
    3300.761        0.300       46.855     1173.840
    3303.764        0.300       46.855     1173.840
    3306.768        0.000       46.855     1173.840
    3309.771        0.300       46.855     1173.840
    3312.775        0.000       46.855     1173.840
    3315.778        0.300       46.855     1173.840
    3318.781        0.300       46.855     1173.840
    3321.785        0.700       46.855     1173.840
    3324.788        0.000       46.855     1173.840
    3327.792        0.300       46.855     1173.840
    3330.795        0.300       46.855     1173.840
    3333.799        0.000       46.855     1173.840
    3336.802        0.300       46.855     1173.840
    3339.806        0.300       46.855     1173.840
    3342.809        0.000       46.855     1173.840
    3345.813        0.700       46.855     1173.840
    3348.816        0.300       46.855     1173.840
    3351.820        0.300       46.855     1173.840
    3354.823        0.700       46.855     1173.840
    3357.827        0.300       46.855     1173.840
    3360.831        0.300       46.855     1173.840
    3363.834        0.300       46.855     1173.840
    3366.838        0.300       46.855     1173.840
    3369.841        0.300       46.855     1173.840
    3372.845        0.300       46.855     1173.840
    3375.848        0.000       46.855     1173.840
    3378.852        0.300       46.855     1173.840
    3381.855        0.300       46.855     1173.840
    3384.859        0.300       46.855     1173.840
    3387.862        0.000       46.855     1173.840
    3390.866        0.300       46.855     1173.840
    3393.869        0.300       46.855     1173.840
    3396.873        0.300       46.855     1173.840
    3399.876        0.000       46.855     1173.840
    3402.880        0.300       46.855     1173.840
    3405.883        0.000       46.855     1173.840
    3408.887        0.300       46.855     1173.840
    3411.889        0.700       46.855     1173.840
    3414.892        0.000       46.855     1173.840
    3417.896        0.300       46.855     1173.840
    3420.899        0.300       46.855     1173.840
    3423.901        0.000       46.855     1173.840
    3426.904        0.300       46.855     1173.840
    3429.908        0.700       46.855     1173.840
    3432.911        0.300       46.855     1173.840
    3435.915        0.300       46.855     1173.840
    3438.918        0.000       46.855     1173.840
    3441.922        0.300       46.855     1173.840
    3444.925        0.300       45.910     1173.840
    3447.929        0.000       45.910     1173.840
    3450.932        0.300       45.910     1173.840
    3453.933        0.000       45.910     1173.840
    3456.936        0.300       45.910     1173.840
    3459.940        0.700       45.910     1173.840
    3462.943        0.000       45.910     1173.840
    3465.947        0.300       45.910     1173.840
    3468.950        0.000       45.910     1173.840
    3471.953        0.700       45.918     1173.840
    3474.956        0.700       45.918     1173.840
    3477.960        0.300       45.918     1173.840
    3480.963        0.000       45.918     1173.840
    3483.967        0.300       45.918     1173.840
    3486.970        0.300       45.918     1173.840
    3489.974        0.000       45.918     1173.840
    3492.977        0.300       45.918     1173.840
    3495.980        0.300       45.918     1173.840
    3498.983        0.300       45.918     1173.840
    3501.987        0.300       45.918     1173.840
    3504.990        0.000       45.918     1173.840
    3507.994        0.700       45.918     1173.840
    3510.997        0.000       45.918     1173.840
    3514.001        0.300       45.918     1173.840
    3517.004        0.000       45.918     1173.840
    3520.008        0.300       45.918     1173.840
    3523.011        0.000       45.918     1173.840
    3526.015        0.300       45.918     1173.840
    3529.018        0.000       45.918     1173.840
    3532.021        0.700       45.922     1173.840
    3535.024        0.300       45.922     1173.840
    3538.028        0.300       45.922     1173.840
    3541.031        0.000       45.922     1173.840
    3544.034        0.300       45.922     1173.840
    3547.038        0.300       45.922     1173.840
    3550.041        0.300       45.922     1173.840
    3553.045        0.300       45.922     1173.840
    3556.048        0.300       45.922     1173.840
    3559.052        0.000       45.922     1173.840
    3562.055        0.300       45.922     1173.840
    3565.059        0.300       45.922     1173.840
    3568.062        0.000       45.922     1173.840
    3571.066        0.700       45.922     1173.840
    3574.070        0.300       45.922     1173.840
    3577.073        0.000       45.922     1173.840
    3580.077        0.300       45.922     1173.840
    3583.080        0.300       45.922     1173.840
    3586.084        0.000       45.922     1173.840
    3589.085        0.300       45.922     1173.840
    3592.088        0.700       45.922     1173.840
    3595.091        0.700       45.875     1181.844
    3598.095        0.300       45.875     1181.844
    3601.099        0.300       45.875     1181.844
    3604.102        0.000       45.875     1181.844
    3607.106        0.700       45.875     1181.844
    3610.109        0.300       45.875     1181.844
    3613.113        0.000       45.875     1181.844
    3616.116        0.700       45.875     1181.844
    3619.120        0.000       45.875     1181.844
    3622.123        0.300       45.875     1181.844
    3625.127        0.300       45.875     1181.844
    3628.130        0.000       45.875     1181.844
    3631.133        0.300       45.875     1181.844
    3634.136        0.300       45.875     1181.844
    3637.140        0.300       45.875     1181.844
    3640.143        0.300       45.875     1181.844
    3643.147        0.000       45.875     1181.844
    3646.150        0.700       45.875     1181.844
    3649.154        0.300       45.875     1181.844
    3652.157        0.300       45.945     1181.844
    3655.161        0.700       45.945     1181.844
    3658.164        0.000       45.945     1181.844
    3661.168        0.300       45.945     1181.844
    3664.171        0.300       45.945     1181.844
    3667.175        0.700       45.945     1181.844
    3670.179        0.000       45.945     1181.844
    3673.182        0.300       45.945     1181.844
    3676.186        0.000       45.945     1181.844
    3679.189        0.300       45.945     1181.844
    3682.193        0.300       45.945     1181.844
    3685.196        0.300       45.945     1181.844
    3688.200        0.000       45.945     1181.844
    3691.203        0.700       45.945     1181.844
    3694.207        0.300       45.945     1181.844
    3697.210        0.300       45.945     1181.844
    3700.214        0.000       45.945     1181.844
    3703.217        0.300       45.945     1181.844
    3706.221        0.000       45.945     1181.844
    3709.225        0.700       45.945     1181.844
    3712.228        0.700       46.016     1181.844
    3715.231        0.700       46.016     1181.844
    3718.235        0.000       46.016     1181.844
    3721.238        0.300       46.016     1181.844
    3724.242        0.300       46.016     1181.844
    3727.246        0.300       46.016     1181.844
    3730.249        0.000       46.016     1181.844
    3733.253        0.300       46.016     1181.844
    3736.256        0.300       46.016     1181.844
    3739.260        0.300       46.016     1181.844
    3742.263        0.300       46.016     1181.844
    3745.267        0.300       46.016     1181.844
    3748.270        0.000       46.016     1181.844
    3751.274        0.300       46.016     1181.844
    3754.277        0.300       46.016     1181.844
    3757.281        0.300       46.016     1181.844
    3760.284        0.300       46.016     1181.844
    3763.288        0.000       46.016     1181.844
    3766.291        0.300       46.016     1181.844
    3769.295        0.300       46.016     1181.844
    3772.298        1.000       46.125     1181.844
    3775.302        0.300       46.125     1181.844
    3778.305        0.300       46.125     1181.844
    3781.309        0.300       46.125     1181.844
    3784.312        0.000       46.125     1181.844
    3787.316        0.300       46.125     1181.844
    3790.318        0.300       46.125     1181.844
    3793.321        0.000       46.125     1181.844
    3796.325        0.700       46.125     1181.844
    3799.328        0.000       46.125     1181.844
    3802.332        0.300       46.125     1181.844
    3805.335        0.300       46.125     1181.844
    3808.339        0.000       46.125     1181.844
    3811.342        0.300       46.125     1181.844
    3814.346        0.000       46.125     1181.844
    3817.349        0.300       46.125     1181.844
    3820.353        0.300       46.125     1181.844
    3823.356        0.300       46.125     1181.844
    3826.360        0.300       46.125     1181.844
    3829.363        0.300       46.125     1181.844
    3832.367        0.300       46.223     1181.844
    3835.370        0.700       46.223     1189.848
    3838.374        0.300       46.223     1189.848
    3841.377        0.000       46.223     1189.848
    3844.381        0.300       46.223     1189.848
    3847.384        0.700       46.223     1189.848
    3850.388        0.300       46.223     1189.848
    3853.391        0.000       46.223     1189.848
    3856.395        0.300       46.223     1189.848
    3859.398        0.000       46.223     1189.848
    3862.402        0.300       46.223     1189.848
    3865.405        0.300       46.223     1189.848
    3868.409        0.000       46.223     1189.848
    3871.412        0.300       46.223     1189.848
    3874.416        0.300       46.223     1189.848
    3877.419        0.300       46.223     1189.848
    3880.420        0.300       46.223     1189.848
    3883.421        0.000       46.223     1189.848
    3886.422        0.300       46.223     1189.848
    3889.423        0.000       46.223     1189.848
    3892.426        0.700       46.309     1189.848
    3895.430        0.300       46.309     1189.848
    3898.433        0.000       46.309     1189.848
    3901.437        0.300       46.309     1189.848
    3904.440        0.000       46.309     1189.848
    3907.444        0.300       46.309     1189.848
    3910.447        0.000       46.309     1189.848
    3913.450        0.300       46.309     1189.848
    3916.454        0.300       46.309     1189.848
    3919.457        0.300       46.309     1189.848
    3922.461        0.300       46.309     1189.848
    3925.464        0.300       46.309     1189.848
    3928.468        0.000       46.309     1189.848
    3931.471        0.300       46.309     1189.848
    3934.475        0.000       46.309     1189.848
    3937.478        0.300       46.309     1189.848
    3940.481        0.000       46.309     1189.848
    3943.485        0.000       46.309     1189.848
    3946.489        0.300       46.309     1189.848
    3949.492        0.000       46.309     1189.848
    3952.493        0.700       46.324     1189.848
    3955.496        0.700       46.324     1189.848
    3958.497        0.300       46.324     1189.848
    3961.500        0.300       46.324     1189.848
    3964.503        0.000       46.324     1189.848
    3967.507        0.300       46.324     1189.848
    3970.510        0.300       46.324     1189.848
    3973.514        0.300       46.324     1189.848
    3976.517        0.300       46.324     1189.848
    3979.521        0.000       46.324     1189.848
    3982.524        0.300       46.324     1189.848
    3985.528        0.300       46.324     1189.848
    3988.531        0.000       46.324     1189.848
    3991.535        0.300       46.324     1189.848
    3994.538        0.300       46.324     1189.848
    3997.542        0.300       46.324     1189.848
    4000.545        0.300       46.324     1189.848
    4003.549        0.000       46.324     1189.848
    4006.552        0.300       46.324     1189.848
    4009.556        0.000       46.324     1189.848
    4012.559        0.700       46.324     1189.848
    4015.563        0.300       46.324     1189.848
    4018.566        0.300       46.324     1189.848
    4021.570        0.300       46.324     1189.848
    4024.573        0.000       46.324     1189.848
    4027.577        0.700       46.324     1189.848
    4030.580        0.300       46.324     1189.848
    4033.584        0.300       46.324     1189.848
    4036.587        0.300       46.324     1189.848
    4039.591        0.000       46.324     1189.848
    4042.595        0.300       46.324     1189.848
    4045.598        0.700       46.324     1189.848
    4048.601        0.000       46.324     1189.848
    4051.605        0.300       46.324     1189.848
    4054.607        0.300       46.324     1189.848
    4057.611        0.300       46.324     1189.848
    4060.614        0.000       46.324     1189.848
    4063.618        0.300       46.324     1189.848
    4066.622        0.700       46.324     1189.848
    4069.625        0.000       46.324     1189.848
    4072.629        0.700       46.352     1189.848
    4075.632        0.700       46.352     1189.848
    4078.636        0.300       46.352     1189.848
    4081.639        0.300       46.352     1189.848
    4084.643        0.300       46.352     1189.848
    4087.646        0.300       46.352     1189.848
    4090.650        0.000       46.352     1189.848
    4093.653        0.300       46.352     1189.848
    4096.657        0.000       46.352     1189.848
    4099.660        0.700       46.352     1189.848
    4102.664        0.300       46.352     1189.848
    4105.668        0.000       46.352     1189.848
    4108.671        0.300       46.352     1189.848
    4111.675        0.000       46.352     1189.848
    4114.678        0.000       46.352     1189.848
    4117.682        0.300       46.352     1189.848
    4120.685        0.000       46.352     1189.848
    4123.689        0.300       46.352     1189.848
    4126.692        0.300       46.352     1189.848
    4129.696        0.300       46.352     1189.848
    4132.699        0.300       46.391     1189.848
    4135.703        0.300       46.391     1189.848
    4138.706        0.000       46.391     1189.848
    4141.710        0.300       46.391     1189.848
    4144.713        0.300       46.391     1189.848
    4147.717        0.300       46.391     1189.848
    4150.721        0.000       46.391     1189.848
    4153.724        0.300       46.391     1189.848
    4156.728        0.700       46.391     1189.848
    4159.731        0.000       46.391     1189.848
    4162.735        0.300       46.391     1189.848
    4165.738        0.300       46.391     1189.848
    4168.742        0.300       46.391     1189.848
    4171.743        0.300       46.391     1189.848
    4174.747        0.300       46.391     1189.848
    4177.750        0.300       46.391     1189.848
    4180.754        0.300       46.391     1189.848
    4183.757        0.000       46.391     1189.848
    4186.761        0.300       46.391     1189.848
    4189.764        0.300       46.391     1189.848
    4192.768        1.000       46.953     1190.879
    4195.771        0.700       46.844     1190.879
    4198.775        0.300       46.844     1190.879
